@  {'author': 'Pauli Brattico', 'year': 2021, 'date': 'April', 'study_id': 1, 'study_folder': 'language data working directory/study-4_d-LHM/', 'lexicon_folder': 'language data working directory/lexicons', 'test_corpus_folder': 'language data working directory/study-4_d-LHM/', 'test_corpus_file': 'LHM_corpus.txt', 'only_first_solution': False, 'logging': True, 'ignore_ungrammatical_sentences': False, 'console_output': 'Full', 'datatake_resources': True, 'datatake_resource_sequence': False, 'datatake_timings': False, 'datatake_images': False, 'image_parameter_stop_after_each_image': False, 'image_parameter_show_words': True, 'image_parameter_nolabels': False, 'image_parameter_spellout': False, 'image_parameter_case': False, 'image_parameter_show_sentences': True, 'image_parameter_show_glosses': True, 'extra_ranking': True, 'filter': True, 'lexical_anticipation': True, 'closure': 'Bottom-up', 'working_memory': True, 'positive_spec_selection': 100, 'negative_spec_selection': -100, 'break_head_comp_relations': -100, 'negative_tail_test': -100, 'positive_head_comp_selection': 100, 'negative_head_comp_selection': -100, 'negative_semantics_match': -100, 'lf_legibility_condition': -100, 'negative_adverbial_test': -100, 'positive_adverbial_test': 100}
@  2021-04-14 20:48:17.578383
@  Test sentences from language data working directory\study-4_d-LHM\LHM_corpus.txt.
@  Logs into language data working directory\study-4_d-LHM\LHM_corpus_log.txt.
@  Lexicon from language data working directory\lexicons\lexicon.txt.
@  Redundancy rules from language data working directory\lexicons\redundancy_rules.txt.
@  Universal morphemes from language data working directory\lexicons\ug_morphemes.txt.
@ 
@ 
Number,Sentence,Study_ID,Group 0,Group 1,Total Time,Garden Paths,Memory Reactivation,Steps,Merge,Move Head,Move Phrase,A-Move Phrase,A-bar Move Phrase,Move Adjunct,Agree,Phi,Transfer,Item streamed into syntax,Feature Processing,Extraposition,Inflection,Failed Transfer,LF recovery,LF test,Filter solution,Rank solution,Lexical retrieval,Morphological decomposition,Mean time per word,Asymmetric Merge,Sink,External Tail Test,Execution time (ms)	
1,a' b' c' d' ,1,0,0,220,0,0,5,3,0,0,0,0,0,0,0,10,4,0,0,0,0,0,7,0,0,4,0,55,8,0,0,0
2,a'' b' c' d' ,1,0,0,375,0,0,7,5,10,0,0,0,0,0,0,10,6,0,0,0,0,0,7,2,0,6,1,93,68,2,0,31
3,Pekka istuu ,1,1,0,645,0,0,4,3,3,1,0,0,1,1,2,3,4,0,0,6,0,1,5,2,1,10,2,322,8,2,8,31
4,Pekka ihailee Merjaa ,1,1,0,1250,0,0,7,6,7,2,0,0,2,2,4,6,7,0,0,12,3,2,9,5,3,19,3,416,18,4,17,78
5,Pekka myi omaisuutensa ,1,1,0,1090,0,0,7,6,7,2,0,0,2,2,4,6,7,0,0,8,3,2,9,5,3,15,3,363,18,4,17,31
6,Pekka istuu tassa ,1,1,0,1090,0,0,9,6,7,3,0,0,3,3,5,8,7,0,0,9,1,2,12,4,3,16,4,363,29,6,31,31
7,Pekka antoi avaimen Merjalle ,1,1,0,1645,0,0,14,9,22,5,0,0,5,6,9,14,10,0,0,11,3,3,22,7,7,21,4,411,83,10,93,62
8,Pekka ei ihaile Merjaa ,1,1,0,1370,0,0,8,7,9,2,0,0,2,7,10,10,8,0,1,12,8,3,15,7,3,20,4,342,26,4,26,46
9,Pekka ei myynyt omaisuuttaan ,1,1,0,1320,0,0,8,7,9,2,0,0,2,7,10,10,8,0,1,9,8,3,15,7,3,17,4,330,26,4,26,46
10,Pekka on' ihaillut Merjaa ,1,1,0,1625,0,0,13,8,14,4,0,0,4,8,11,12,9,0,0,13,6,3,18,7,5,22,4,406,47,8,41,62
11,Pekka ei ollut ihaillut Merjaa ,1,1,0,1735,0,0,9,8,11,3,0,0,3,15,19,15,9,0,1,14,15,4,23,10,4,23,5,347,36,4,37,78
12,Pekka on' myynyt omaisuuttaan ,1,1,0,1485,0,0,13,8,14,4,0,0,4,8,11,12,9,0,0,9,6,3,18,7,5,18,4,371,47,8,41,62
13,Pekka haluaa ihailla Merjaa ,1,1,0,1625,0,0,10,9,17,3,0,0,3,4,8,10,10,3,0,12,7,4,14,9,4,22,4,406,33,6,24,62
14,Pekka haluaa myyda omaisuuttaan ,1,1,0,1435,0,0,10,9,17,3,0,0,3,4,8,10,10,3,0,7,7,4,14,9,4,17,4,358,33,6,24,62
15,Pekan_gen taytyy ihailla Merjaa ,1,1,0,1550,0,0,9,8,13,0,0,0,0,4,9,7,9,3,0,12,7,5,11,8,4,21,4,387,28,5,10,62
16,Pekan_gen taytyy myyda omaisuuttaan ,1,1,0,1360,0,0,9,8,13,0,0,0,0,4,9,7,9,3,0,7,7,5,11,8,4,16,4,340,28,5,10,46
17,Pekan_gen ei taydy ihailla Merjaa ,1,1,0,1730,0,0,10,9,17,0,0,0,0,12,18,12,10,4,1,12,14,6,19,11,4,22,5,346,37,5,13,62
18,Pekan_gen ei taydy myyda omaisuuttaan ,1,1,0,1540,0,0,10,9,17,0,0,0,0,12,18,12,10,4,1,7,14,6,19,11,4,17,5,308,37,5,13,78
19,Pekka ei halua ihailla Merjaa ,1,1,0,1815,0,0,11,10,23,3,0,0,3,12,17,15,11,4,1,12,14,5,22,12,4,23,5,363,46,6,35,78
20,Pekka ei halua myyda omaisuuttaan ,1,1,0,1625,0,0,11,10,23,3,0,0,3,12,17,15,11,4,1,7,14,5,22,12,4,18,5,325,46,6,35,78
21,Pekka sanoo etta haluaa ihailla Merjaa ,1,1,0,2390,0,0,21,12,38,6,0,0,6,17,23,23,13,5,0,13,21,6,35,16,6,26,5,398,99,12,55,125
22,Pekka sanoo etta haluaa myyda omaisuuttaan ,1,1,0,2200,0,0,21,12,38,6,0,0,6,17,23,23,13,5,0,8,21,6,35,16,6,21,5,366,99,12,55,125
23,Pekka kaskee poikien ihailla Merjaa ,1,1,0,2230,0,0,12,11,27,4,0,0,4,9,13,17,12,4,2,17,12,4,24,13,4,29,5,446,57,7,38,78
24,Pekka kaskee poikien myyda omaisuuttaan ,1,1,0,2040,0,0,12,11,27,4,0,0,4,9,13,17,12,4,2,12,12,4,24,13,4,24,5,408,57,7,38,109
25,Pekka elaa ihailemalla Merjaa ,1,1,0,1515,0,0,14,8,10,3,0,0,3,5,8,12,9,0,0,12,2,3,14,6,5,21,4,378,59,9,72,46
26,Pekka elaa haluamalla ihailla Merjaa ,1,1,0,1865,0,0,24,11,20,3,0,0,3,6,11,16,12,3,0,12,5,5,17,10,7,24,5,373,99,16,88,78
27,Pekka teki sopimuksen ihailla Merjaa ,1,1,0,2205,0,0,12,11,30,4,0,0,4,6,11,15,12,4,0,16,15,5,23,13,6,28,5,441,52,7,37,78
28,Pekka teki sopimuksen antaa avaimen Merjalle ,1,1,0,2820,0,0,23,14,71,7,0,0,7,10,16,27,15,12,0,15,15,6,42,15,10,30,6,470,212,17,228,156
29,se sopimus ihailla Merjaa peruuntui ,1,1,0,3075,1,2,12,10,31,1,0,0,1,2,6,17,10,10,1,14,8,4,22,8,7,24,5,615,56,7,29,78
30,Merjaa ihailee Pekka ,1,1,0,1305,0,0,8,6,9,4,0,0,4,3,6,9,7,0,0,12,1,3,13,4,2,19,3,435,44,5,56,46
31,Merjaa ei ihaile Pekka ,1,1,0,1430,0,0,9,7,11,4,0,0,4,9,13,13,8,0,1,12,6,4,19,6,2,20,4,357,57,5,75,46
32,Merjaa on' ihaillut Pekka ,1,1,0,1675,0,0,14,8,17,4,0,0,4,10,14,13,9,0,0,13,8,4,20,6,5,22,4,418,90,9,102,62
33,Merjaa ei ollut ihaillut Pekka ,1,1,0,1780,0,0,10,8,13,4,0,0,4,18,23,17,9,0,1,14,13,5,26,9,3,23,5,356,72,5,94,78
34,Merjaa haluaa ihailla Pekka ,1,1,0,1680,0,0,11,9,21,4,0,0,4,5,10,12,10,4,0,12,5,5,17,8,4,22,4,420,77,7,89,62
35,Merjaa kaskee poikien ihailla Pekka ,1,1,0,2270,0,0,13,11,31,4,0,0,4,11,16,18,12,5,2,17,10,5,26,12,4,29,5,454,112,8,118,109
36,ihailen Merjaa ,1,1,0,775,0,0,5,4,3,0,0,0,0,1,3,2,5,0,0,7,1,2,3,3,2,12,2,387,5,3,2,15
37,haluan ihailla Merjaa ,1,1,0,1070,0,0,8,7,9,0,0,0,0,2,6,4,8,2,0,7,3,4,5,6,3,15,3,356,12,5,2,46
38,Pekka ihailee Merjaa Helsingissa ,1,1,0,2875,1,1,14,12,27,5,0,0,5,8,11,18,12,0,2,18,5,3,25,9,6,30,6,718,84,10,95,93
39,Pekka ei ihaile Merjaa Helsingissa ,1,1,0,4025,2,2,17,16,40,5,0,0,5,23,26,29,15,0,5,21,12,3,40,13,6,36,8,805,122,12,142,140
40,Pekka on' ihaillut Merjaa Helsingissa ,1,1,0,3390,1,1,27,14,45,7,0,0,7,20,24,27,14,0,3,19,9,4,39,11,9,33,7,678,165,20,158,140
41,Pekka ei ollut ihaillut Merjaa Helsingissa ,1,1,0,4495,2,2,20,17,48,6,0,0,6,40,43,36,16,0,5,23,19,3,52,16,8,39,9,749,172,14,199,218
42,Pekka haluaa ihailla Merjaa Helsingissa ,1,1,0,4335,2,2,19,18,60,7,0,0,7,11,16,29,17,11,4,21,11,5,35,15,8,38,8,867,129,14,118,171
43,Pekan_gen taytyy ihailla Merjaa Helsingissa ,1,1,0,4170,2,2,18,17,50,1,0,0,1,11,17,23,16,11,4,21,11,6,29,14,8,37,8,834,113,13,71,140
44,Pekka ei halua ihailla Merjaa Helsingissa ,1,1,0,5605,3,3,22,22,83,7,0,0,7,30,35,41,20,15,7,24,20,5,52,20,8,44,10,934,179,16,169,265
45,Pekka sanoo etta haluaa ihailla Merjaa Helsingissa ,1,1,0,5385,2,2,43,21,107,10,0,0,10,33,40,47,20,17,5,22,26,7,65,22,12,42,9,769,322,32,227,296
46,Pekka kaskee poikien ihailla Merjaa Helsingissa ,1,1,0,5980,3,3,23,23,83,9,0,0,9,23,28,43,21,15,8,29,18,5,50,21,9,50,10,996,189,17,159,265
47,Pekka#C/op ihailee Merjaa ,1,1,0,1345,0,0,7,6,7,2,0,2,0,2,4,4,7,0,0,13,3,2,7,5,3,20,4,448,14,4,5,31
48,Pekka#[foc] ihailee Merjaa ,1,1,0,1355,0,0,7,6,7,2,0,2,0,2,4,4,7,0,0,13,3,2,7,5,3,20,4,451,14,4,5,31
49,Pekka#[hAn] ihailee Merjaa ,1,1,0,1355,0,0,7,6,7,2,0,2,0,2,4,4,7,0,0,13,3,2,7,5,3,20,4,451,14,4,5,31
50,Pekka#[kO] ihailee Merjaa ,1,1,0,1345,0,0,7,6,7,2,0,2,0,2,4,4,7,0,0,13,3,2,7,5,3,20,4,448,14,4,5,31
51,Pekka#[pA] ihailee Merjaa ,1,1,0,1345,0,0,7,6,7,2,0,2,0,2,4,4,7,0,0,13,3,2,7,5,3,20,4,448,14,4,5,31
52,Pekka#[foc]#[hAn] ihailee Merjaa ,1,1,0,1485,0,0,7,6,7,2,0,2,0,2,4,4,7,0,0,14,3,2,7,5,3,21,4,495,14,4,5,31
53,Pekka#[foc]#[kO] ihailee Merjaa ,1,1,0,1475,0,0,7,6,7,2,0,2,0,2,4,4,7,0,0,14,3,2,7,5,3,21,4,491,14,4,5,31
54,Pekka#[foc]#[pA] ihailee Merjaa ,1,1,0,1475,0,0,7,6,7,2,0,2,0,2,4,4,7,0,0,14,3,2,7,5,3,21,4,491,14,4,5,31
55,Pekka#[kO]#[hAn] ihailee Merjaa ,1,1,0,1465,0,0,7,6,7,2,0,2,0,2,4,4,7,0,0,14,3,2,7,5,3,21,4,488,14,4,5,31
56,Pekka#[pA]#[hAn] ihailee Merjaa ,1,1,0,1465,0,0,7,6,7,2,0,2,0,2,4,4,7,0,0,14,3,2,7,5,3,21,4,488,14,4,5,31
57,Pekka#[foc]#[kO]#[hAn] ihailee Merjaa ,1,1,0,1595,0,0,7,6,7,2,0,2,0,2,4,4,7,0,0,15,3,2,7,5,3,22,4,531,14,4,5,31
58,Pekka#[foc]#[pA]#[hAn] ihailee Merjaa ,1,1,0,1595,0,0,7,6,7,2,0,2,0,2,4,4,7,0,0,15,3,2,7,5,3,22,4,531,14,4,5,31
59,Merjaa#C/op ihailee Pekka ,1,1,0,1400,0,0,8,6,9,4,0,3,1,3,6,6,7,0,0,13,1,3,10,4,2,20,4,466,36,5,28,46
60,Merjaa#[foc] ihailee Pekka ,1,1,0,1410,0,0,8,6,9,4,0,3,1,3,6,6,7,0,0,13,1,3,10,4,2,20,4,470,36,5,28,46
61,Merjaa#[hAn] ihailee Pekka ,1,1,0,1410,0,0,8,6,9,4,0,3,1,3,6,6,7,0,0,13,1,3,10,4,2,20,4,470,36,5,28,46
62,Merjaa#[kO] ihailee Pekka ,1,1,0,1400,0,0,8,6,9,4,0,3,1,3,6,6,7,0,0,13,1,3,10,4,2,20,4,466,36,5,28,46
63,Merjaa#[pA] ihailee Pekka ,1,1,0,1400,0,0,8,6,9,4,0,3,1,3,6,6,7,0,0,13,1,3,10,4,2,20,4,466,36,5,28,46
64,Merjaa#[foc]#[hAn] ihailee Pekka ,1,1,0,1540,0,0,8,6,9,4,0,3,1,3,6,6,7,0,0,14,1,3,10,4,2,21,4,513,36,5,28,31
65,Merjaa#[foc]#[kO] ihailee Pekka ,1,1,0,1530,0,0,8,6,9,4,0,3,1,3,6,6,7,0,0,14,1,3,10,4,2,21,4,510,36,5,28,31
66,Merjaa#[foc]#[pA] ihailee Pekka ,1,1,0,1530,0,0,8,6,9,4,0,3,1,3,6,6,7,0,0,14,1,3,10,4,2,21,4,510,36,5,28,46
67,Merjaa#[kO]#[hAn] ihailee Pekka ,1,1,0,1520,0,0,8,6,9,4,0,3,1,3,6,6,7,0,0,14,1,3,10,4,2,21,4,506,36,5,28,46
68,Merjaa#[pA]#[hAn] ihailee Pekka ,1,1,0,1520,0,0,8,6,9,4,0,3,1,3,6,6,7,0,0,14,1,3,10,4,2,21,4,506,36,5,28,31
69,Merjaa#[foc]#[kO]#[hAn] ihailee Pekka ,1,1,0,1650,0,0,8,6,9,4,0,3,1,3,6,6,7,0,0,15,1,3,10,4,2,22,4,550,36,5,28,31
70,Merjaa#[foc]#[pA]#[hAn] ihailee Pekka ,1,1,0,1650,0,0,8,6,9,4,0,3,1,3,6,6,7,0,0,15,1,3,10,4,2,22,4,550,36,5,28,31
71,Merjaa#C/op Pekka ihailee ,1,1,0,1415,0,0,9,6,8,2,0,1,1,1,3,8,7,0,2,13,4,2,13,4,3,20,4,471,26,6,18,31
72,Merjaa#[foc] Pekka ihailee ,1,1,0,1425,0,0,9,6,8,2,0,1,1,1,3,8,7,0,2,13,4,2,13,4,3,20,4,475,26,6,18,31
73,Merjaa#[hAn] Pekka ihailee ,1,1,0,1425,0,0,9,6,8,2,0,1,1,1,3,8,7,0,2,13,4,2,13,4,3,20,4,475,26,6,18,31
74,Merjaa#[kO] Pekka ihailee ,1,1,0,1415,0,0,9,6,8,2,0,1,1,1,3,8,7,0,2,13,4,2,13,4,3,20,4,471,26,6,18,31
75,Merjaa#[pA] Pekka ihailee ,1,1,0,1415,0,0,9,6,8,2,0,1,1,1,3,8,7,0,2,13,4,2,13,4,3,20,4,471,26,6,18,31
76,Merjaa#[foc]#[hAn] Pekka ihailee ,1,1,0,1555,0,0,9,6,8,2,0,1,1,1,3,8,7,0,2,14,4,2,13,4,3,21,4,518,26,6,18,31
77,Merjaa#[foc]#[kO] Pekka ihailee ,1,1,0,1545,0,0,9,6,8,2,0,1,1,1,3,8,7,0,2,14,4,2,13,4,3,21,4,515,26,6,18,31
78,Merjaa#[foc]#[pA] Pekka ihailee ,1,1,0,1545,0,0,9,6,8,2,0,1,1,1,3,8,7,0,2,14,4,2,13,4,3,21,4,515,26,6,18,31
79,Merjaa#[kO]#[hAn] Pekka ihailee ,1,1,0,1535,0,0,9,6,8,2,0,1,1,1,3,8,7,0,2,14,4,2,13,4,3,21,4,511,26,6,18,31
80,Merjaa#[pA]#[hAn] Pekka ihailee ,1,1,0,1535,0,0,9,6,8,2,0,1,1,1,3,8,7,0,2,14,4,2,13,4,3,21,4,511,26,6,18,31
81,Merjaa#[foc]#[kO]#[hAn] Pekka ihailee ,1,1,0,1665,0,0,9,6,8,2,0,1,1,1,3,8,7,0,2,15,4,2,13,4,3,22,4,555,26,6,18,31
82,Merjaa#[foc]#[pA]#[hAn] Pekka ihailee ,1,1,0,1665,0,0,9,6,8,2,0,1,1,1,3,8,7,0,2,15,4,2,13,4,3,22,4,555,26,6,18,31
83,John sleeps ,1,1,0,625,0,0,4,3,3,0,0,0,0,1,2,2,4,0,0,6,0,1,4,2,1,10,2,312,6,2,0,15
84,John admires Mary ,1,1,0,1105,0,0,7,6,7,0,0,0,0,2,4,4,7,0,0,11,3,2,7,5,2,18,3,368,13,4,0,31
85,John does admire' Mary ,1,1,0,1125,0,0,7,6,6,0,0,0,0,4,6,7,7,0,0,10,7,2,11,6,3,17,3,281,14,3,0,46
86,John gave the key to Mary ,1,1,0,2520,1,1,15,12,26,0,0,0,0,11,14,24,12,0,1,15,23,3,35,15,8,27,4,420,61,7,5,109
87,John wants to_inf admire' Mary ,1,1,0,1595,0,0,10,9,19,0,0,0,0,6,11,11,10,4,0,11,12,5,16,11,4,21,4,319,31,5,0,62
88,John admires ,1,1,1,
89,istuu#C/op Pekka ,1,2,0,950,0,0,5,4,3,1,0,0,1,2,3,3,5,0,0,9,1,1,4,3,2,14,3,475,10,3,8,15
90,istuu#[foc] Pekka ,1,2,0,970,0,0,5,4,3,1,0,0,1,2,3,3,5,0,0,9,1,1,4,3,2,14,3,485,10,3,8,15
91,istuu#[hAn] Pekka ,1,2,0,970,0,0,5,4,3,1,0,0,1,2,3,3,5,0,0,9,1,1,4,3,2,14,3,485,10,3,8,15
92,istuu#[kO] Pekka ,1,2,0,950,0,0,5,4,3,1,0,0,1,2,3,3,5,0,0,9,1,1,4,3,2,14,3,475,10,3,8,31
93,istuu#[pA] Pekka ,1,2,0,950,0,0,5,4,3,1,0,0,1,2,3,3,5,0,0,9,1,1,4,3,2,14,3,475,10,3,8,15
94,istuu#[foc]#[hAn] Pekka ,1,2,0,1170,0,0,5,4,3,1,0,0,1,2,3,3,5,0,0,11,1,1,4,3,2,16,3,585,10,3,8,31
95,istuu#[foc]#[kO] Pekka ,1,2,0,1150,0,0,5,4,3,1,0,0,1,2,3,3,5,0,0,11,1,1,4,3,2,16,3,575,10,3,8,15
96,istuu#[foc]#[pA] Pekka ,1,2,0,1150,0,0,5,4,3,1,0,0,1,2,3,3,5,0,0,11,1,1,4,3,2,16,3,575,10,3,8,15
97,istuu#[kO]#[hAn] Pekka ,1,2,0,1140,0,0,5,4,3,1,0,0,1,2,3,3,5,0,0,11,1,1,4,3,2,16,3,570,10,3,8,15
98,istuu#[pA]#[hAn] Pekka ,1,2,0,1140,0,0,5,4,3,1,0,0,1,2,3,3,5,0,0,11,1,1,4,3,2,16,3,570,10,3,8,15
99,istuu#[foc]#[kO]#[hAn] Pekka ,1,2,0,1340,0,0,5,4,3,1,0,0,1,2,3,3,5,0,0,13,1,1,4,3,2,18,3,670,10,3,8,15
100,istuu#[foc]#[pA]#[hAn] Pekka ,1,2,0,1340,0,0,5,4,3,1,0,0,1,2,3,3,5,0,0,13,1,1,4,3,2,18,3,670,10,3,8,15
101,ihailee#C/op Pekka Merjaa ,1,2,0,1585,0,0,8,7,10,2,0,0,2,4,6,6,8,0,0,15,3,2,9,6,2,23,4,528,24,5,17,46
102,ihailee#[foc] Pekka Merjaa ,1,2,0,1605,0,0,8,7,10,2,0,0,2,4,6,6,8,0,0,15,3,2,9,6,2,23,4,535,24,5,17,46
103,myi#[foc] Pekka omaisuutensa ,1,2,0,1405,0,0,8,7,10,2,0,0,2,4,6,6,8,0,0,11,3,2,9,6,2,19,4,468,24,5,17,46
104,myi#C/op Pekka omaisuutensa ,1,2,0,1385,0,0,8,7,10,2,0,0,2,4,6,6,8,0,0,11,3,2,9,6,2,19,4,461,24,5,17,31
105,antoi#[foc] Pekka avaimen Merjalle ,1,2,0,2020,0,0,15,10,23,5,0,0,5,8,11,16,11,0,2,14,7,3,24,8,6,25,5,505,95,11,101,78
106,antoi#C/op Pekka avaimen Merjalle ,1,2,0,2000,0,0,15,10,23,5,0,0,5,8,11,16,11,0,2,14,7,3,24,8,6,25,5,500,95,11,101,78
107,ei#C/op Pekka ihaile Merjaa ,1,2,0,1690,0,0,9,8,13,3,0,0,3,9,12,11,9,0,1,15,8,3,16,8,4,24,5,422,41,5,39,62
108,ei#[foc] Pekka ihaile Merjaa ,1,2,0,1710,0,0,9,8,13,3,0,0,3,9,12,11,9,0,1,15,8,3,16,8,4,24,5,427,41,5,39,62
109,ei#[hAn] Pekka ihaile Merjaa ,1,2,0,1710,0,0,9,8,13,3,0,0,3,9,12,11,9,0,1,15,8,3,16,8,4,24,5,427,41,5,39,62
110,ei#[kO] Pekka ihaile Merjaa ,1,2,0,1690,0,0,9,8,13,3,0,0,3,9,12,11,9,0,1,15,8,3,16,8,4,24,5,422,41,5,39,62
111,ei#[pA] Pekka ihaile Merjaa ,1,2,0,1690,0,0,9,8,13,3,0,0,3,9,12,11,9,0,1,15,8,3,16,8,4,24,5,422,41,5,39,140
112,ei#[foc]#[hAn] Pekka ihaile Merjaa ,1,2,0,1910,0,0,9,8,13,3,0,0,3,9,12,11,9,0,1,17,8,3,16,8,4,26,5,477,41,5,39,62
113,ei#[foc]#[kO] Pekka ihaile Merjaa ,1,2,0,1890,0,0,9,8,13,3,0,0,3,9,12,11,9,0,1,17,8,3,16,8,4,26,5,472,41,5,39,62
114,ei#[foc]#[pA] Pekka ihaile Merjaa ,1,2,0,1890,0,0,9,8,13,3,0,0,3,9,12,11,9,0,1,17,8,3,16,8,4,26,5,472,41,5,39,62
115,ei#[kO]#[hAn] Pekka ihaile Merjaa ,1,2,0,1880,0,0,9,8,13,3,0,0,3,9,12,11,9,0,1,17,8,3,16,8,4,26,5,470,41,5,39,62
116,ei#[pA]#[hAn] Pekka ihaile Merjaa ,1,2,0,1880,0,0,9,8,13,3,0,0,3,9,12,11,9,0,1,17,8,3,16,8,4,26,5,470,41,5,39,62
117,ei#[foc]#[kO]#[hAn] Pekka ihaile Merjaa ,1,2,0,2080,0,0,9,8,13,3,0,0,3,9,12,11,9,0,1,19,8,3,16,8,4,28,5,520,41,5,39,46
118,ei#[foc]#[pA]#[hAn] Pekka ihaile Merjaa ,1,2,0,2080,0,0,9,8,13,3,0,0,3,9,12,11,9,0,1,19,8,3,16,8,4,28,5,520,41,5,39,62
119,ei#C/op Pekan_gen taydy ihailla Merjaa ,1,2,0,2040,0,0,11,10,22,0,0,0,0,14,20,12,11,4,1,15,14,6,19,12,6,26,6,408,53,6,17,62
120,ei#C/op Pekka halua ihailla Merjaa ,1,2,0,2160,0,0,12,11,28,5,0,0,5,14,19,17,12,4,1,15,14,5,24,13,5,27,6,432,68,7,57,93
121,ei#C/op Pekka ollut ihaillut Merjaa ,1,2,0,2065,0,0,10,9,16,4,0,0,4,18,22,16,10,0,1,17,15,4,24,11,5,27,6,413,58,5,59,93
122,ei#C/op Pekka myynyt omaisuuttaan ,1,2,0,1645,0,0,9,8,13,3,0,0,3,9,12,11,9,0,1,12,8,3,16,8,5,21,5,411,41,5,39,46
123,ei#C/op Pekan_gen taydy myyda omaisuuttaan ,1,2,0,1850,0,0,11,10,22,0,0,0,0,14,20,12,11,4,1,10,14,6,19,12,6,21,6,370,53,6,17,62
124,ei#C/op Pekka halua myyda omaisuuttaan ,1,2,0,1970,0,0,12,11,28,5,0,0,5,14,19,17,12,4,1,10,14,5,24,13,5,22,6,394,68,7,57,78
125,ei#C/op Pekka ollut myynyt omaisuuttaan ,1,2,0,1925,0,0,10,9,16,4,0,0,4,18,22,16,10,0,1,13,15,4,24,11,5,23,6,385,58,5,59,78
126,taytyy#C/op Pekan_gen ihailla Merjaa ,1,2,0,1865,0,0,10,9,16,0,0,0,0,6,11,7,10,3,0,15,6,5,10,9,3,25,5,466,37,6,11,46
127,taytyy#[foc] Pekan_gen ihailla Merjaa ,1,2,0,1885,0,0,10,9,16,0,0,0,0,6,11,7,10,3,0,15,6,5,10,9,3,25,5,471,37,6,11,46
128,taytyy#[hAn] Pekan_gen ihailla Merjaa ,1,2,0,1885,0,0,10,9,16,0,0,0,0,6,11,7,10,3,0,15,6,5,10,9,3,25,5,471,37,6,11,46
129,taytyy#[kO] Pekan_gen ihailla Merjaa ,1,2,0,1865,0,0,10,9,16,0,0,0,0,6,11,7,10,3,0,15,6,5,10,9,3,25,5,466,37,6,11,62
130,taytyy#[pA] Pekan_gen ihailla Merjaa ,1,2,0,1865,0,0,10,9,16,0,0,0,0,6,11,7,10,3,0,15,6,5,10,9,3,25,5,466,37,6,11,62
131,taytyy#[foc]#[hAn] Pekan_gen ihailla Merjaa ,1,2,0,2085,0,0,10,9,16,0,0,0,0,6,11,7,10,3,0,17,6,5,10,9,3,27,5,521,37,6,11,46
132,taytyy#[foc]#[kO] Pekan_gen ihailla Merjaa ,1,2,0,2065,0,0,10,9,16,0,0,0,0,6,11,7,10,3,0,17,6,5,10,9,3,27,5,516,37,6,11,62
133,taytyy#[foc]#[pA] Pekan_gen ihailla Merjaa ,1,2,0,2065,0,0,10,9,16,0,0,0,0,6,11,7,10,3,0,17,6,5,10,9,3,27,5,516,37,6,11,62
134,taytyy#[kO]#[hAn] Pekan_gen ihailla Merjaa ,1,2,0,2055,0,0,10,9,16,0,0,0,0,6,11,7,10,3,0,17,6,5,10,9,3,27,5,513,37,6,11,62
135,taytyy#[pA]#[hAn] Pekan_gen ihailla Merjaa ,1,2,0,2055,0,0,10,9,16,0,0,0,0,6,11,7,10,3,0,17,6,5,10,9,3,27,5,513,37,6,11,46
136,taytyy#[foc]#[kO]#[hAn] Pekan_gen ihailla Merjaa ,1,2,0,2255,0,0,10,9,16,0,0,0,0,6,11,7,10,3,0,19,6,5,10,9,3,29,5,563,37,6,11,46
137,taytyy#[foc]#[pA]#[hAn] Pekan_gen ihailla Merjaa ,1,2,0,2255,0,0,10,9,16,0,0,0,0,6,11,7,10,3,0,19,6,5,10,9,3,29,5,563,37,6,11,46
138,taytyy#C/op Pekan_gen myyda omaisuuttaan ,1,2,0,1675,0,0,10,9,16,0,0,0,0,6,11,7,10,3,0,10,6,5,10,9,3,20,5,418,37,6,11,46
139,haluaa#[foc] Pekka ihailla Merjaa ,1,2,0,1955,0,0,11,10,19,3,0,0,3,6,10,10,11,3,0,15,6,4,13,10,3,26,5,488,45,7,33,62
140,haluaa#[hAn] Pekka ihailla Merjaa ,1,2,0,1955,0,0,11,10,19,3,0,0,3,6,10,10,11,3,0,15,6,4,13,10,3,26,5,488,45,7,33,62
141,haluaa#[kO] Pekka ihailla Merjaa ,1,2,0,1935,0,0,11,10,19,3,0,0,3,6,10,10,11,3,0,15,6,4,13,10,3,26,5,483,45,7,33,62
142,haluaa#[pA] Pekka ihailla Merjaa ,1,2,0,1935,0,0,11,10,19,3,0,0,3,6,10,10,11,3,0,15,6,4,13,10,3,26,5,483,45,7,33,62
143,haluaa#[foc]#[hAn] Pekka ihailla Merjaa ,1,2,0,2155,0,0,11,10,19,3,0,0,3,6,10,10,11,3,0,17,6,4,13,10,3,28,5,538,45,7,33,62
144,haluaa#[foc]#[kO] Pekka ihailla Merjaa ,1,2,0,2135,0,0,11,10,19,3,0,0,3,6,10,10,11,3,0,17,6,4,13,10,3,28,5,533,45,7,33,62
145,haluaa#[foc]#[pA] Pekka ihailla Merjaa ,1,2,0,2135,0,0,11,10,19,3,0,0,3,6,10,10,11,3,0,17,6,4,13,10,3,28,5,533,45,7,33,62
146,haluaa#[kO]#[hAn] Pekka ihailla Merjaa ,1,2,0,2125,0,0,11,10,19,3,0,0,3,6,10,10,11,3,0,17,6,4,13,10,3,28,5,531,45,7,33,62
147,haluaa#[pA]#[hAn] Pekka ihailla Merjaa ,1,2,0,2125,0,0,11,10,19,3,0,0,3,6,10,10,11,3,0,17,6,4,13,10,3,28,5,531,45,7,33,78
148,haluaa#[foc]#[kO]#[hAn] Pekka ihailla Merjaa ,1,2,0,2325,0,0,11,10,19,3,0,0,3,6,10,10,11,3,0,19,6,4,13,10,3,30,5,581,45,7,33,62
149,haluaa#[foc]#[pA]#[hAn] Pekka ihailla Merjaa ,1,2,0,2325,0,0,11,10,19,3,0,0,3,6,10,10,11,3,0,19,6,4,13,10,3,30,5,581,45,7,33,62
150,haluaa#C/op Pekka myyda omaisuuttaan ,1,2,0,1745,0,0,11,10,19,3,0,0,3,6,10,10,11,3,0,10,6,4,13,10,3,21,5,436,45,7,33,62
151,on'#C/op Pekka ihaillut Merjaa ,1,2,0,1965,0,0,14,9,19,5,0,0,5,11,14,13,10,0,0,16,6,3,19,8,6,26,5,491,64,9,48,78
152,on'#[foc] Pekka ihaillut Merjaa ,1,2,0,1985,0,0,14,9,19,5,0,0,5,11,14,13,10,0,0,16,6,3,19,8,6,26,5,496,64,9,48,62
153,on'#[hAn] Pekka ihaillut Merjaa ,1,2,0,1985,0,0,14,9,19,5,0,0,5,11,14,13,10,0,0,16,6,3,19,8,6,26,5,496,64,9,48,62
154,on'#[kO] Pekka ihaillut Merjaa ,1,2,0,1965,0,0,14,9,19,5,0,0,5,11,14,13,10,0,0,16,6,3,19,8,6,26,5,491,64,9,48,62
155,on'#[pA] Pekka ihaillut Merjaa ,1,2,0,1965,0,0,14,9,19,5,0,0,5,11,14,13,10,0,0,16,6,3,19,8,6,26,5,491,64,9,48,62
156,on'#[foc]#[hAn] Pekka ihaillut Merjaa ,1,2,0,2185,0,0,14,9,19,5,0,0,5,11,14,13,10,0,0,18,6,3,19,8,6,28,5,546,64,9,48,62
157,on'#[foc]#[kO] Pekka ihaillut Merjaa ,1,2,0,2165,0,0,14,9,19,5,0,0,5,11,14,13,10,0,0,18,6,3,19,8,6,28,5,541,64,9,48,62
158,on'#[foc]#[pA] Pekka ihaillut Merjaa ,1,2,0,2165,0,0,14,9,19,5,0,0,5,11,14,13,10,0,0,18,6,3,19,8,6,28,5,541,64,9,48,78
159,on'#[kO]#[hAn] Pekka ihaillut Merjaa ,1,2,0,2155,0,0,14,9,19,5,0,0,5,11,14,13,10,0,0,18,6,3,19,8,6,28,5,538,64,9,48,78
160,on'#[pA]#[hAn] Pekka ihaillut Merjaa ,1,2,0,2155,0,0,14,9,19,5,0,0,5,11,14,13,10,0,0,18,6,3,19,8,6,28,5,538,64,9,48,78
161,on'#[foc]#[kO]#[hAn] Pekka ihaillut Merjaa ,1,2,0,2355,0,0,14,9,19,5,0,0,5,11,14,13,10,0,0,20,6,3,19,8,6,30,5,588,64,9,48,78
162,on'#[foc]#[pA]#[hAn] Pekka ihaillut Merjaa ,1,2,0,2355,0,0,14,9,19,5,0,0,5,11,14,13,10,0,0,20,6,3,19,8,6,30,5,588,64,9,48,78
163,on'#C/op Pekka myynyt omaisuuttaan ,1,2,0,1825,0,0,14,9,19,5,0,0,5,11,14,13,10,0,0,12,6,3,19,8,6,22,5,456,64,9,48,78
164,ihailee#C/fin Pekka Merjaa ,1,2,0,1425,0,0,8,7,10,2,0,0,2,4,6,6,8,0,0,12,3,2,9,6,2,20,4,475,24,5,17,31
165,ei#C/fin Pekka ihaile Merjaa ,1,2,0,1530,0,0,9,8,13,3,0,0,3,9,12,11,9,0,1,12,8,3,16,8,4,21,5,382,41,5,39,46
166,taytyy#C/fin Pekan_gen ihailla Merjaa ,1,2,0,1705,0,0,10,9,16,0,0,0,0,6,11,7,10,3,0,12,6,5,10,9,3,22,5,426,37,6,11,62
167,haluaa#C/fin Pekka ihailla Merjaa ,1,2,0,1775,0,0,11,10,19,3,0,0,3,6,10,10,11,3,0,12,6,4,13,10,3,23,5,443,45,7,33,62
168,on'#C/fin Pekka ihaillut Merjaa ,1,2,0,1805,0,0,14,9,19,5,0,0,5,11,14,13,10,0,0,13,6,3,19,8,6,23,5,451,64,9,48,78
169,myi#C/fin Pekka omaisuuttaan ,1,2,0,1225,0,0,8,7,10,2,0,0,2,4,6,6,8,0,0,8,3,2,9,6,2,16,4,408,24,5,17,31
170,ei#C/fin Pekka myynyt omaisuuttaan ,1,2,0,1485,0,0,9,8,13,3,0,0,3,9,12,11,9,0,1,9,8,3,16,8,5,18,5,371,41,5,39,46
171,taytyy#C/fin Pekan_gen myyda omaisuuttaan ,1,2,0,1515,0,0,10,9,16,0,0,0,0,6,11,7,10,3,0,7,6,5,10,9,3,17,5,378,37,6,11,46
172,haluaa#C/fin Pekka myyda omaisuuttaan ,1,2,0,1585,0,0,11,10,19,3,0,0,3,6,10,10,11,3,0,7,6,4,13,10,3,18,5,396,45,7,33,62
173,on'#C/fin Pekka myynyt omaisuuttaan ,1,2,0,1665,0,0,14,9,19,5,0,0,5,11,14,13,10,0,0,9,6,3,19,8,6,19,5,416,64,9,48,62
174,ihailee#C/op Merjaa Pekka ,1,2,0,1670,0,0,9,7,14,4,0,0,4,6,9,9,8,0,0,15,1,3,13,5,4,23,4,556,57,6,58,31
175,ihailee#[foc] Merjaa Pekka ,1,2,0,1690,0,0,9,7,14,4,0,0,4,6,9,9,8,0,0,15,1,3,13,5,4,23,4,563,57,6,58,46
176,ihailee#[hAn] Merjaa Pekka ,1,2,0,1690,0,0,9,7,14,4,0,0,4,6,9,9,8,0,0,15,1,3,13,5,4,23,4,563,57,6,58,46
177,ihailee#[kO] Merjaa Pekka ,1,2,0,1670,0,0,9,7,14,4,0,0,4,6,9,9,8,0,0,15,1,3,13,5,4,23,4,556,57,6,58,46
178,ihailee#[pA] Merjaa Pekka ,1,2,0,1670,0,0,9,7,14,4,0,0,4,6,9,9,8,0,0,15,1,3,13,5,4,23,4,556,57,6,58,46
179,ihailee#[foc]#[hAn] Merjaa Pekka ,1,2,0,1890,0,0,9,7,14,4,0,0,4,6,9,9,8,0,0,17,1,3,13,5,4,25,4,630,57,6,58,46
180,ihailee#[foc]#[kO] Merjaa Pekka ,1,2,0,1870,0,0,9,7,14,4,0,0,4,6,9,9,8,0,0,17,1,3,13,5,4,25,4,623,57,6,58,46
181,ihailee#[foc]#[pA] Merjaa Pekka ,1,2,0,1870,0,0,9,7,14,4,0,0,4,6,9,9,8,0,0,17,1,3,13,5,4,25,4,623,57,6,58,46
182,ihailee#[kO]#[hAn] Merjaa Pekka ,1,2,0,1860,0,0,9,7,14,4,0,0,4,6,9,9,8,0,0,17,1,3,13,5,4,25,4,620,57,6,58,46
183,ihailee#[pA]#[hAn] Merjaa Pekka ,1,2,0,1860,0,0,9,7,14,4,0,0,4,6,9,9,8,0,0,17,1,3,13,5,4,25,4,620,57,6,58,46
184,ihailee#[foc]#[kO]#[hAn] Merjaa Pekka ,1,2,0,2060,0,0,9,7,14,4,0,0,4,6,9,9,8,0,0,19,1,3,13,5,4,27,4,686,57,6,58,46
185,ihailee#[foc]#[pA]#[hAn] Merjaa Pekka ,1,2,0,2060,0,0,9,7,14,4,0,0,4,6,9,9,8,0,0,19,1,3,13,5,4,27,4,686,57,6,58,46
186,ei#C/op Merjaa ihaile Pekka ,1,2,0,1795,0,0,11,8,18,6,0,0,6,13,17,16,9,0,1,15,4,4,23,6,3,24,5,448,99,7,120,78
187,ei#C/op Merjaa ollut ihaillut Pekka ,1,2,0,2160,0,0,12,9,21,6,0,0,6,24,29,20,10,0,1,17,11,5,30,9,4,27,6,432,123,7,152,93
188,haluaa#C/op Merjaa ihailla Pekka ,1,2,0,2065,0,0,13,10,26,6,0,0,6,8,13,15,11,5,0,15,3,5,19,8,5,26,5,516,117,9,126,78
189,on'#C/op Merjaa ihaillut Pekka ,1,2,0,2060,0,0,16,9,25,6,0,0,6,15,19,16,10,0,0,16,6,4,24,6,6,26,5,515,132,11,134,78
190,ei#C/fin omaisuuttaan myynyt Pekka ,1,2,0,1570,0,0,11,8,18,5,0,0,5,13,17,15,9,0,1,9,4,4,22,6,4,18,5,392,104,7,124,62
191,haluaa#C/fin omaisuuttaan myyda Pekka ,1,2,0,2915,1,2,13,12,32,9,0,1,7,10,16,18,12,6,0,7,5,6,22,9,5,19,5,728,120,9,130,93
192,on'#C/fin Pekka myynyt omaisuuttaan ,1,2,0,1665,0,0,14,9,19,5,0,0,5,11,14,13,10,0,0,9,6,3,19,8,6,19,5,416,64,9,48,62
193,ihailee#C/op Helsingissa Pekka Merjaa ,1,2,0,2290,0,0,12,10,19,4,0,0,4,5,9,16,11,0,3,18,9,4,20,9,5,29,6,572,69,8,72,78
194,ihailee#[foc] Helsingissa Pekka Merjaa ,1,2,0,2310,0,0,12,10,19,4,0,0,4,5,9,16,11,0,3,18,9,4,20,9,5,29,6,577,69,8,72,78
195,ihailee#[hAn] Helsingissa Pekka Merjaa ,1,2,0,2310,0,0,12,10,19,4,0,0,4,5,9,16,11,0,3,18,9,4,20,9,5,29,6,577,69,8,72,78
196,ihailee#[kO] Helsingissa Pekka Merjaa ,1,2,0,2290,0,0,12,10,19,4,0,0,4,5,9,16,11,0,3,18,9,4,20,9,5,29,6,572,69,8,72,78
197,ihailee#[pA] Helsingissa Pekka Merjaa ,1,2,0,2290,0,0,12,10,19,4,0,0,4,5,9,16,11,0,3,18,9,4,20,9,5,29,6,572,69,8,72,93
198,ihailee#[foc]#[hAn] Helsingissa Pekka Merjaa ,1,2,0,2510,0,0,12,10,19,4,0,0,4,5,9,16,11,0,3,20,9,4,20,9,5,31,6,627,69,8,72,156
199,ihailee#[foc]#[kO] Helsingissa Pekka Merjaa ,1,2,0,2490,0,0,12,10,19,4,0,0,4,5,9,16,11,0,3,20,9,4,20,9,5,31,6,622,69,8,72,78
200,ihailee#[foc]#[pA] Helsingissa Pekka Merjaa ,1,2,0,2490,0,0,12,10,19,4,0,0,4,5,9,16,11,0,3,20,9,4,20,9,5,31,6,622,69,8,72,78
201,ihailee#[kO]#[hAn] Helsingissa Pekka Merjaa ,1,2,0,2480,0,0,12,10,19,4,0,0,4,5,9,16,11,0,3,20,9,4,20,9,5,31,6,620,69,8,72,78
202,ihailee#[pA]#[hAn] Helsingissa Pekka Merjaa ,1,2,0,2480,0,0,12,10,19,4,0,0,4,5,9,16,11,0,3,20,9,4,20,9,5,31,6,620,69,8,72,78
203,ihailee#[foc]#[kO]#[hAn] Helsingissa Pekka Merjaa ,1,2,0,2680,0,0,12,10,19,4,0,0,4,5,9,16,11,0,3,22,9,4,20,9,5,33,6,670,69,8,72,93
204,ihailee#[foc]#[pA]#[hAn] Helsingissa Pekka Merjaa ,1,2,0,2680,0,0,12,10,19,4,0,0,4,5,9,16,11,0,3,22,9,4,20,9,5,33,6,670,69,8,72,78
205,ei#C/op Helsingissa Pekan_gen taydy ihailla Merjaa ,1,2,0,2870,0,0,20,13,35,5,0,0,5,17,24,26,14,5,4,18,24,7,33,17,9,32,8,478,176,12,167,140
206,ei#C/op Helsingissa Pekka halua ihailla Merjaa ,1,2,0,3035,0,0,22,14,43,12,0,0,12,17,23,33,15,5,4,18,24,6,40,18,7,33,8,505,214,14,242,171
207,taytyy#C/op Helsingissa Pekan_gen ihailla Merjaa ,1,2,0,2635,0,0,17,12,27,4,0,0,4,7,13,20,13,4,4,18,13,6,22,13,6,31,7,527,109,11,95,109
208,haluaa#C/op Helsingissa Pekka ihailla Merjaa ,1,2,0,2705,0,0,18,13,30,7,0,0,7,7,13,23,14,4,3,18,13,6,25,14,6,32,7,541,134,12,139,93
209,on'#C/op Helsingissa Pekka ihaillut Merjaa ,1,2,0,2725,0,0,22,12,30,9,0,0,9,13,17,25,13,0,3,19,14,4,30,12,9,32,7,545,154,15,162,125
210,ei#C/op Pekan_gen#top Helsingissa taydy ihailla Merjaa ,1,2,0,3045,0,0,20,13,37,10,0,3,7,17,24,28,14,5,3,19,22,7,31,17,6,33,9,507,138,12,103,156
211,ei#C/op Pekka Helsingissa halua ihailla Merjaa ,1,2,0,2985,0,0,22,14,45,12,0,0,12,18,24,32,15,5,2,18,22,6,33,18,6,33,8,497,270,14,333,171
212,taytyy#C/op Pekan_gen#top Helsingissa ihailla Merjaa ,1,2,0,2770,0,0,17,12,30,5,0,3,2,8,14,17,13,4,3,19,12,6,21,13,4,32,8,554,83,11,42,109
213,haluaa#C/op Pekka Helsingissa ihailla Merjaa ,1,2,0,2675,0,0,18,13,34,8,0,0,8,8,13,21,14,4,1,18,11,5,20,14,5,32,7,535,161,12,178,125
214,on'#C/op Pekka Helsingissa ihaillut Merjaa ,1,2,0,2750,0,0,33,12,37,11,0,0,11,16,20,25,13,0,0,19,10,4,30,11,8,32,7,550,271,23,297,125
215,ihailen#C/op Merjaa ,1,2,0,1100,0,0,6,5,4,0,0,0,0,2,4,2,6,0,0,10,1,2,3,4,2,16,3,550,6,4,2,31
216,ihailen#[foc] Merjaa ,1,2,0,1120,0,0,6,5,4,0,0,0,0,2,4,2,6,0,0,10,1,2,3,4,2,16,3,560,6,4,2,15
217,ihailen#[hAn] Merjaa ,1,2,0,1120,0,0,6,5,4,0,0,0,0,2,4,2,6,0,0,10,1,2,3,4,2,16,3,560,6,4,2,15
218,ihailen#[kO] Merjaa ,1,2,0,1100,0,0,6,5,4,0,0,0,0,2,4,2,6,0,0,10,1,2,3,4,2,16,3,550,6,4,2,31
219,ihailen#[pA] Merjaa ,1,2,0,1100,0,0,6,5,4,0,0,0,0,2,4,2,6,0,0,10,1,2,3,4,2,16,3,550,6,4,2,31
220,ihailen#[foc]#[hAn] Merjaa ,1,2,0,1320,0,0,6,5,4,0,0,0,0,2,4,2,6,0,0,12,1,2,3,4,2,18,3,660,6,4,2,31
221,ihailen#[foc]#[kO] Merjaa ,1,2,0,1300,0,0,6,5,4,0,0,0,0,2,4,2,6,0,0,12,1,2,3,4,2,18,3,650,6,4,2,15
222,ihailen#[foc]#[pA] Merjaa ,1,2,0,1300,0,0,6,5,4,0,0,0,0,2,4,2,6,0,0,12,1,2,3,4,2,18,3,650,6,4,2,15
223,ihailen#[kO]#[hAn] Merjaa ,1,2,0,1290,0,0,6,5,4,0,0,0,0,2,4,2,6,0,0,12,1,2,3,4,2,18,3,645,6,4,2,15
224,ihailen#[pA]#[hAn] Merjaa ,1,2,0,1290,0,0,6,5,4,0,0,0,0,2,4,2,6,0,0,12,1,2,3,4,2,18,3,645,6,4,2,31
225,ihailen#[foc]#[kO]#[hAn] Merjaa ,1,2,0,1490,0,0,6,5,4,0,0,0,0,2,4,2,6,0,0,14,1,2,3,4,2,20,3,745,6,4,2,31
226,ihailen#[foc]#[pA]#[hAn] Merjaa ,1,2,0,1490,0,0,6,5,4,0,0,0,0,2,4,2,6,0,0,14,1,2,3,4,2,20,3,745,6,4,2,31
227,haluan#C/op ihailla Merjaa ,1,2,0,1395,0,0,9,8,11,0,0,0,0,4,8,4,9,2,0,10,3,4,5,7,3,19,4,465,14,6,2,46
228,ihailee Pekka Merjaa ,1,2,1,
229,ei Pekka ihaile Merjaa ,1,2,1,
230,taytyy Pekan_genn ihailla Merjaa ,1,2,1,
231,haluaa Pekka ihailla Merjaa ,1,2,1,
232,ihailee Pekka ihailee Merjaa ,1,2,1,
233,on' Pekka ihaillut Merjaa ,1,2,1,
234,myi Pekka omaisuutensa ,1,2,1,
235,does#C/fin John admire' Mary ,1,2,0,1270,0,0,8,7,10,0,0,0,0,6,8,7,8,0,0,10,6,2,10,7,3,18,4,317,21,4,0,31
236,admire'#C/fin John does Mary ,1,2,1,
237,ihaile#C/op Pekka ei Merjaa ,1,3,0,1685,0,0,9,8,11,2,0,0,2,8,11,10,9,0,1,15,8,3,15,8,2,24,5,421,37,5,30,46
238,ihaile#[foc] Pekka ei Merjaa ,1,3,0,1705,0,0,9,8,11,2,0,0,2,8,11,10,9,0,1,15,8,3,15,8,2,24,5,426,37,5,30,62
239,ihaile#[hAn] Pekka ei Merjaa ,1,3,0,1705,0,0,9,8,11,2,0,0,2,8,11,10,9,0,1,15,8,3,15,8,2,24,5,426,37,5,30,46
240,ihaile#[kO] Pekka ei Merjaa ,1,3,0,1685,0,0,9,8,11,2,0,0,2,8,11,10,9,0,1,15,8,3,15,8,2,24,5,421,37,5,30,46
241,ihaile#[pA] Pekka ei Merjaa ,1,3,0,1685,0,0,9,8,11,2,0,0,2,8,11,10,9,0,1,15,8,3,15,8,2,24,5,421,37,5,30,46
242,ihaile#[foc]#[hAn] Pekka ei Merjaa ,1,3,0,1905,0,0,9,8,11,2,0,0,2,8,11,10,9,0,1,17,8,3,15,8,2,26,5,476,37,5,30,46
243,ihaile#[foc]#[kO] Pekka ei Merjaa ,1,3,0,1885,0,0,9,8,11,2,0,0,2,8,11,10,9,0,1,17,8,3,15,8,2,26,5,471,37,5,30,62
244,ihaile#[foc]#[pA] Pekka ei Merjaa ,1,3,0,1885,0,0,9,8,11,2,0,0,2,8,11,10,9,0,1,17,8,3,15,8,2,26,5,471,37,5,30,62
245,ihaile#[kO]#[hAn] Pekka ei Merjaa ,1,3,0,1875,0,0,9,8,11,2,0,0,2,8,11,10,9,0,1,17,8,3,15,8,2,26,5,468,37,5,30,62
246,ihaile#[pA]#[hAn] Pekka ei Merjaa ,1,3,0,1875,0,0,9,8,11,2,0,0,2,8,11,10,9,0,1,17,8,3,15,8,2,26,5,468,37,5,30,46
247,ihaile#[foc]#[kO]#[hAn] Pekka ei Merjaa ,1,3,0,2075,0,0,9,8,11,2,0,0,2,8,11,10,9,0,1,19,8,3,15,8,2,28,5,518,37,5,30,62
248,ihaile#[foc]#[pA]#[hAn] Pekka ei Merjaa ,1,3,0,2075,0,0,9,8,11,2,0,0,2,8,11,10,9,0,1,19,8,3,15,8,2,28,5,518,37,5,30,62
249,myi#C/op Pekka omaisuutensa ,1,3,0,1385,0,0,8,7,10,2,0,0,2,4,6,6,8,0,0,11,3,2,9,6,2,19,4,461,24,5,17,46
250,ihaillut#C/op Pekka on' Merjaa ,1,3,0,1955,0,0,11,9,15,4,0,0,4,9,12,12,10,0,0,16,6,3,18,8,4,26,5,488,55,7,42,62
251,ihaillut#[foc] Pekka on' Merjaa ,1,3,0,1975,0,0,11,9,15,4,0,0,4,9,12,12,10,0,0,16,6,3,18,8,4,26,5,493,55,7,42,62
252,ihaillut#[hAn] Pekka on' Merjaa ,1,3,0,1975,0,0,11,9,15,4,0,0,4,9,12,12,10,0,0,16,6,3,18,8,4,26,5,493,55,7,42,62
253,ihaillut#[kO] Pekka on' Merjaa ,1,3,0,1955,0,0,11,9,15,4,0,0,4,9,12,12,10,0,0,16,6,3,18,8,4,26,5,488,55,7,42,78
254,ihaillut#[pA] Pekka on' Merjaa ,1,3,0,1955,0,0,11,9,15,4,0,0,4,9,12,12,10,0,0,16,6,3,18,8,4,26,5,488,55,7,42,62
255,ihaillut#[foc]#[hAn] Pekka on' Merjaa ,1,3,0,2175,0,0,11,9,15,4,0,0,4,9,12,12,10,0,0,18,6,3,18,8,4,28,5,543,55,7,42,62
256,ihaillut#[foc]#[kO] Pekka on' Merjaa ,1,3,0,2155,0,0,11,9,15,4,0,0,4,9,12,12,10,0,0,18,6,3,18,8,4,28,5,538,55,7,42,62
257,ihaillut#[foc]#[pA] Pekka on' Merjaa ,1,3,0,2155,0,0,11,9,15,4,0,0,4,9,12,12,10,0,0,18,6,3,18,8,4,28,5,538,55,7,42,62
258,ihaillut#[kO]#[hAn] Pekka on' Merjaa ,1,3,0,2145,0,0,11,9,15,4,0,0,4,9,12,12,10,0,0,18,6,3,18,8,4,28,5,536,55,7,42,62
259,ihaillut#[pA]#[hAn] Pekka on' Merjaa ,1,3,0,2145,0,0,11,9,15,4,0,0,4,9,12,12,10,0,0,18,6,3,18,8,4,28,5,536,55,7,42,62
260,ihaillut#[foc]#[kO]#[hAn] Pekka on' Merjaa ,1,3,0,2345,0,0,11,9,15,4,0,0,4,9,12,12,10,0,0,20,6,3,18,8,4,30,5,586,55,7,42,62
261,ihaillut#[foc]#[pA]#[hAn] Pekka on' Merjaa ,1,3,0,2345,0,0,11,9,15,4,0,0,4,9,12,12,10,0,0,20,6,3,18,8,4,30,5,586,55,7,42,62
262,myynyt#C/op Pekka on' omaisuutensa ,1,3,0,1795,0,0,11,9,15,4,0,0,4,9,12,12,10,0,0,12,6,3,18,8,4,22,5,448,60,7,53,62
263,ihailla#C/op Pekka haluaa Merjaa ,1,3,0,1955,0,0,11,10,17,3,0,0,3,6,10,10,11,2,0,15,8,4,15,10,4,26,5,488,40,7,24,62
264,ihailla#[foc] Pekka haluaa Merjaa ,1,3,0,1975,0,0,11,10,17,3,0,0,3,6,10,10,11,2,0,15,8,4,15,10,4,26,5,493,40,7,24,62
265,ihailla#[hAn] Pekka haluaa Merjaa ,1,3,0,1975,0,0,11,10,17,3,0,0,3,6,10,10,11,2,0,15,8,4,15,10,4,26,5,493,40,7,24,62
266,ihailla#[kO] Pekka haluaa Merjaa ,1,3,0,1955,0,0,11,10,17,3,0,0,3,6,10,10,11,2,0,15,8,4,15,10,4,26,5,488,40,7,24,156
267,ihailla#[pA] Pekka haluaa Merjaa ,1,3,0,1955,0,0,11,10,17,3,0,0,3,6,10,10,11,2,0,15,8,4,15,10,4,26,5,488,40,7,24,62
268,ihailla#[foc]#[hAn] Pekka haluaa Merjaa ,1,3,0,2175,0,0,11,10,17,3,0,0,3,6,10,10,11,2,0,17,8,4,15,10,4,28,5,543,40,7,24,62
269,ihailla#[foc]#[kO] Pekka haluaa Merjaa ,1,3,0,2155,0,0,11,10,17,3,0,0,3,6,10,10,11,2,0,17,8,4,15,10,4,28,5,538,40,7,24,78
270,ihailla#[foc]#[pA] Pekka haluaa Merjaa ,1,3,0,2155,0,0,11,10,17,3,0,0,3,6,10,10,11,2,0,17,8,4,15,10,4,28,5,538,40,7,24,62
271,ihailla#[kO]#[hAn] Pekka haluaa Merjaa ,1,3,0,2145,0,0,11,10,17,3,0,0,3,6,10,10,11,2,0,17,8,4,15,10,4,28,5,536,40,7,24,62
272,ihailla#[pA]#[hAn] Pekka haluaa Merjaa ,1,3,0,2145,0,0,11,10,17,3,0,0,3,6,10,10,11,2,0,17,8,4,15,10,4,28,5,536,40,7,24,62
273,ihailla#[foc]#[kO]#[hAn] Pekka haluaa Merjaa ,1,3,0,2345,0,0,11,10,17,3,0,0,3,6,10,10,11,2,0,19,8,4,15,10,4,30,5,586,40,7,24,62
274,ihailla#[foc]#[pA]#[hAn] Pekka haluaa Merjaa ,1,3,0,2345,0,0,11,10,17,3,0,0,3,6,10,10,11,2,0,19,8,4,15,10,4,30,5,586,40,7,24,62
275,myyda#C/op Pekka haluaa omaisuutensa ,1,3,0,1745,0,0,11,10,17,3,0,0,3,6,10,10,11,2,0,10,8,4,15,10,4,21,5,436,40,7,24,62
276,ihailla#C/op Pekan_gen taytyy Merjaa ,1,3,0,1885,0,0,10,9,14,0,0,0,0,6,11,7,10,2,0,15,8,5,12,9,4,25,5,471,36,6,10,46
277,ihailla#[foc] Pekan_gen taytyy Merjaa ,1,3,0,1905,0,0,10,9,14,0,0,0,0,6,11,7,10,2,0,15,8,5,12,9,4,25,5,476,36,6,10,46
278,ihailla#[hAn] Pekan_gen taytyy Merjaa ,1,3,0,1905,0,0,10,9,14,0,0,0,0,6,11,7,10,2,0,15,8,5,12,9,4,25,5,476,36,6,10,46
279,ihailla#[kO] Pekan_gen taytyy Merjaa ,1,3,0,1885,0,0,10,9,14,0,0,0,0,6,11,7,10,2,0,15,8,5,12,9,4,25,5,471,36,6,10,46
280,ihailla#[pA] Pekan_gen taytyy Merjaa ,1,3,0,1885,0,0,10,9,14,0,0,0,0,6,11,7,10,2,0,15,8,5,12,9,4,25,5,471,36,6,10,46
281,ihailla#[foc]#[hAn] Pekan_gen taytyy Merjaa ,1,3,0,2105,0,0,10,9,14,0,0,0,0,6,11,7,10,2,0,17,8,5,12,9,4,27,5,526,36,6,10,46
282,ihailla#[foc]#[kO] Pekan_gen taytyy Merjaa ,1,3,0,2085,0,0,10,9,14,0,0,0,0,6,11,7,10,2,0,17,8,5,12,9,4,27,5,521,36,6,10,46
283,ihailla#[foc]#[pA] Pekan_gen taytyy Merjaa ,1,3,0,2085,0,0,10,9,14,0,0,0,0,6,11,7,10,2,0,17,8,5,12,9,4,27,5,521,36,6,10,46
284,ihailla#[kO]#[hAn] Pekan_gen taytyy Merjaa ,1,3,0,2075,0,0,10,9,14,0,0,0,0,6,11,7,10,2,0,17,8,5,12,9,4,27,5,518,36,6,10,62
285,ihailla#[pA]#[hAn] Pekan_gen taytyy Merjaa ,1,3,0,2075,0,0,10,9,14,0,0,0,0,6,11,7,10,2,0,17,8,5,12,9,4,27,5,518,36,6,10,62
286,ihailla#[foc]#[kO]#[hAn] Pekan_gen taytyy Merjaa ,1,3,0,2275,0,0,10,9,14,0,0,0,0,6,11,7,10,2,0,19,8,5,12,9,4,29,5,568,36,6,10,62
287,ihailla#[foc]#[pA]#[hAn] Pekan_gen taytyy Merjaa ,1,3,0,2275,0,0,10,9,14,0,0,0,0,6,11,7,10,2,0,19,8,5,12,9,4,29,5,568,36,6,10,62
288,myyda#C/op Pekan_gen taytyy omaisuutensa ,1,3,0,1675,0,0,10,9,14,0,0,0,0,6,11,7,10,2,0,10,8,5,12,9,4,20,5,418,36,6,10,46
289,ihaile#C/op Merjaa ei Pekka ,1,3,0,1765,0,0,10,8,14,4,0,0,4,11,15,13,9,0,1,15,6,4,19,7,3,24,5,441,78,6,87,62
290,ihaile#[foc] Merjaa ei Pekka ,1,3,0,1785,0,0,10,8,14,4,0,0,4,11,15,13,9,0,1,15,6,4,19,7,3,24,5,446,78,6,87,62
291,ihaile#[hAn] Merjaa ei Pekka ,1,3,0,1785,0,0,10,8,14,4,0,0,4,11,15,13,9,0,1,15,6,4,19,7,3,24,5,446,78,6,87,62
292,ihaile#[kO] Merjaa ei Pekka ,1,3,0,1765,0,0,10,8,14,4,0,0,4,11,15,13,9,0,1,15,6,4,19,7,3,24,5,441,78,6,87,62
293,ihaile#[pA] Merjaa ei Pekka ,1,3,0,1765,0,0,10,8,14,4,0,0,4,11,15,13,9,0,1,15,6,4,19,7,3,24,5,441,78,6,87,46
294,ihaile#[foc]#[hAn] Merjaa ei Pekka ,1,3,0,1985,0,0,10,8,14,4,0,0,4,11,15,13,9,0,1,17,6,4,19,7,3,26,5,496,78,6,87,62
295,ihaile#[foc]#[kO] Merjaa ei Pekka ,1,3,0,1965,0,0,10,8,14,4,0,0,4,11,15,13,9,0,1,17,6,4,19,7,3,26,5,491,78,6,87,62
296,ihaile#[foc]#[pA] Merjaa ei Pekka ,1,3,0,1965,0,0,10,8,14,4,0,0,4,11,15,13,9,0,1,17,6,4,19,7,3,26,5,491,78,6,87,62
297,ihaile#[kO]#[hAn] Merjaa ei Pekka ,1,3,0,1955,0,0,10,8,14,4,0,0,4,11,15,13,9,0,1,17,6,4,19,7,3,26,5,488,78,6,87,62
298,ihaile#[pA]#[hAn] Merjaa ei Pekka ,1,3,0,1955,0,0,10,8,14,4,0,0,4,11,15,13,9,0,1,17,6,4,19,7,3,26,5,488,78,6,87,62
299,ihaile#[foc]#[kO]#[hAn] Merjaa ei Pekka ,1,3,0,2155,0,0,10,8,14,4,0,0,4,11,15,13,9,0,1,19,6,4,19,7,3,28,5,538,78,6,87,62
300,ihaile#[foc]#[pA]#[hAn] Merjaa ei Pekka ,1,3,0,2155,0,0,10,8,14,4,0,0,4,11,15,13,9,0,1,19,6,4,19,7,3,28,5,538,78,6,87,62
301,ihaillut#C/op Merjaa on' Pekka ,1,3,0,2025,0,0,12,9,19,4,0,0,4,12,16,13,10,0,0,16,8,4,20,7,6,26,5,506,107,8,108,78
302,ihailla#C/op Merjaa haluaa Pekka ,1,3,0,2020,0,0,12,10,22,4,0,0,4,8,13,12,11,3,0,15,6,5,18,9,4,26,5,505,91,8,91,78
303,myynyt#C/op omaisuuttaan ei Pekka ,1,3,0,1695,0,0,10,8,14,3,0,0,3,11,15,12,9,0,1,12,6,4,18,7,3,21,5,423,83,6,91,46
304,myynyt#C/op omaisuuttaan on' Pekka ,1,3,0,3060,1,2,12,11,24,5,0,0,5,18,22,16,11,0,0,12,10,4,24,8,6,23,5,765,112,8,112,93
305,myyda#C/op omaisuuttaan haluaa Pekka ,1,3,0,3005,1,2,12,12,28,5,0,0,5,12,17,15,12,4,0,10,8,5,22,10,4,22,5,751,94,8,95,93
306,ihailla#C/op haluan Merjaa ,1,3,0,1420,0,0,9,8,11,0,0,0,0,4,8,4,9,2,0,10,4,4,6,7,4,19,4,473,16,6,2,46
307,ihailla#[foc] haluan Merjaa ,1,3,0,1440,0,0,9,8,11,0,0,0,0,4,8,4,9,2,0,10,4,4,6,7,4,19,4,480,16,6,2,46
308,ihailla#[hAn] haluan Merjaa ,1,3,0,1440,0,0,9,8,11,0,0,0,0,4,8,4,9,2,0,10,4,4,6,7,4,19,4,480,16,6,2,31
309,ihailla#[kO] haluan Merjaa ,1,3,0,1420,0,0,9,8,11,0,0,0,0,4,8,4,9,2,0,10,4,4,6,7,4,19,4,473,16,6,2,46
310,ihailla#[pA] haluan Merjaa ,1,3,0,1420,0,0,9,8,11,0,0,0,0,4,8,4,9,2,0,10,4,4,6,7,4,19,4,473,16,6,2,46
311,ihailla#[foc]#[hAn] haluan Merjaa ,1,3,0,1640,0,0,9,8,11,0,0,0,0,4,8,4,9,2,0,12,4,4,6,7,4,21,4,546,16,6,2,46
312,ihailla#[foc]#[kO] haluan Merjaa ,1,3,0,1620,0,0,9,8,11,0,0,0,0,4,8,4,9,2,0,12,4,4,6,7,4,21,4,540,16,6,2,46
313,ihailla#[foc]#[pA] haluan Merjaa ,1,3,0,1620,0,0,9,8,11,0,0,0,0,4,8,4,9,2,0,12,4,4,6,7,4,21,4,540,16,6,2,31
314,ihailla#[kO]#[hAn] haluan Merjaa ,1,3,0,1610,0,0,9,8,11,0,0,0,0,4,8,4,9,2,0,12,4,4,6,7,4,21,4,536,16,6,2,46
315,ihailla#[pA]#[hAn] haluan Merjaa ,1,3,0,1610,0,0,9,8,11,0,0,0,0,4,8,4,9,2,0,12,4,4,6,7,4,21,4,536,16,6,2,46
316,ihailla#[foc]#[kO]#[hAn] haluan Merjaa ,1,3,0,1810,0,0,9,8,11,0,0,0,0,4,8,4,9,2,0,14,4,4,6,7,4,23,4,603,16,6,2,31
317,ihailla#[foc]#[pA]#[hAn] haluan Merjaa ,1,3,0,1810,0,0,9,8,11,0,0,0,0,4,8,4,9,2,0,14,4,4,6,7,4,23,4,603,16,6,2,46
318,ihaile#C/op Helsingissa Pekka ei Merjaa ,1,3,0,2460,0,0,14,11,22,5,0,0,5,11,15,22,12,0,5,18,16,4,29,12,5,30,7,492,127,8,146,109
319,ihaile#[foc] Helsingissa Pekka ei Merjaa ,1,3,0,2480,0,0,14,11,22,5,0,0,5,11,15,22,12,0,5,18,16,4,29,12,5,30,7,496,127,8,146,109
320,ihaile#[hAn] Helsingissa Pekka ei Merjaa ,1,3,0,2480,0,0,14,11,22,5,0,0,5,11,15,22,12,0,5,18,16,4,29,12,5,30,7,496,127,8,146,109
321,ihaile#[kO] Helsingissa Pekka ei Merjaa ,1,3,0,2460,0,0,14,11,22,5,0,0,5,11,15,22,12,0,5,18,16,4,29,12,5,30,7,492,127,8,146,109
322,ihaile#[pA] Helsingissa Pekka ei Merjaa ,1,3,0,2460,0,0,14,11,22,5,0,0,5,11,15,22,12,0,5,18,16,4,29,12,5,30,7,492,127,8,146,109
323,ihaile#[foc]#[hAn] Helsingissa Pekka ei Merjaa ,1,3,0,2680,0,0,14,11,22,5,0,0,5,11,15,22,12,0,5,20,16,4,29,12,5,32,7,536,127,8,146,109
324,ihaile#[foc]#[kO] Helsingissa Pekka ei Merjaa ,1,3,0,2660,0,0,14,11,22,5,0,0,5,11,15,22,12,0,5,20,16,4,29,12,5,32,7,532,127,8,146,109
325,ihaile#[foc]#[pA] Helsingissa Pekka ei Merjaa ,1,3,0,2660,0,0,14,11,22,5,0,0,5,11,15,22,12,0,5,20,16,4,29,12,5,32,7,532,127,8,146,109
326,ihaile#[kO]#[hAn] Helsingissa Pekka ei Merjaa ,1,3,0,2650,0,0,14,11,22,5,0,0,5,11,15,22,12,0,5,20,16,4,29,12,5,32,7,530,127,8,146,109
327,ihaile#[pA]#[hAn] Helsingissa Pekka ei Merjaa ,1,3,0,2650,0,0,14,11,22,5,0,0,5,11,15,22,12,0,5,20,16,4,29,12,5,32,7,530,127,8,146,109
328,ihaile#[foc]#[kO]#[hAn] Helsingissa Pekka ei Merjaa ,1,3,0,2850,0,0,14,11,22,5,0,0,5,11,15,22,12,0,5,22,16,4,29,12,5,34,7,570,127,8,146,109
329,ihaile#[foc]#[pA]#[hAn] Helsingissa Pekka ei Merjaa ,1,3,0,2850,0,0,14,11,22,5,0,0,5,11,15,22,12,0,5,22,16,4,29,12,5,34,7,570,127,8,146,109
330,ihaillut#C/op Helsingissa Pekka on' Merjaa ,1,3,0,2815,0,0,18,12,28,11,0,0,11,13,17,28,13,0,4,19,12,4,35,11,9,32,7,563,169,12,175,125
331,ihailla#C/op Helsingissa Pekka haluaa Merjaa ,1,3,0,2765,0,0,18,13,30,7,0,0,7,8,13,24,14,3,3,18,16,5,30,14,8,32,7,553,147,12,159,125
332,ihailla#C/op Helsingissa Pekan_gen taytyy Merjaa ,1,3,0,2665,0,0,16,12,26,3,0,0,3,8,14,19,13,3,4,18,16,6,25,13,8,31,7,533,115,10,92,109
333,ihaile#C/op Pekka Helsingissa ei Merjaa ,1,3,0,2365,0,0,14,11,24,4,0,0,4,9,13,18,12,0,2,18,14,4,22,12,4,30,7,473,153,8,180,109
334,ihaillut#C/op Pekka Helsingissa on' Merjaa ,1,3,0,2715,0,0,17,12,29,10,0,0,10,12,16,24,13,0,2,19,12,4,26,12,5,32,7,543,182,11,201,125
335,ihailla#C/op Pekka Helsingissa haluaa Merjaa ,1,3,0,2695,0,0,18,13,32,7,0,0,7,8,13,21,14,3,2,18,14,5,23,14,5,32,7,539,168,12,179,109
336,ihailla#C/op Pekan_gen Helsingissa taytyy Merjaa ,1,3,0,2615,0,0,16,12,28,4,0,0,4,8,14,18,13,3,2,18,14,6,19,13,5,31,7,523,123,10,89,109
337,myi#C/op Pekka omaisuutensa Helsingissa ,1,3,0,4045,2,2,15,16,35,7,0,0,7,14,17,26,15,0,6,20,13,3,33,12,5,35,8,1011,96,11,103,125
338,myynyt#C/op Pekka on' omaisuutensa Helsingissa ,1,3,0,3640,1,1,23,15,41,10,0,0,10,24,28,31,15,0,2,18,14,4,42,13,8,33,8,728,209,17,228,156
339,myyda#C/op Pekka haluaa omaisuutensa Helsingissa ,1,3,0,5525,3,3,20,22,68,12,0,0,12,24,29,37,20,7,4,22,14,5,48,18,8,42,10,1105,167,15,151,250
340,myyda#C/op Pekan_gen taytyy omaisuutensa Helsingissa ,1,3,0,3390,1,1,15,15,38,1,0,0,1,16,22,21,15,5,4,16,14,6,30,15,6,31,8,678,104,10,67,140
341,ihaile#C/fin Pekka ei Merjaa ,1,3,1,
342,ihaillut#C/fin Pekka on' Merjaa ,1,3,1,
343,ihailla#C/fin Pekka haluaa Merjaa ,1,3,1,
344,ihailla#C/fin Pekan_gen taytyy Merjaa ,1,3,1,
345,ihallut#C/fin Pekka ei ollut Merjaa ,1,3,1,
346,ihaile Pekka ei Merjaa ,1,3,1,
347,ihaillut Pekka on' Merjaa ,1,3,1,
348,ihailla Pekka haluaa Merjaa ,1,3,1,
349,ihailla Pekan_gen taytyy Merjaa ,1,3,1,
350,ihallut Pekka ei ollut Merjaa ,1,3,1,
351,myynyt#C/fin Pekka ei omaisuuttaan ,1,3,1,
352,myynyt#C/fin Pekka on omaisuuttaan ,1,3,1,
353,myyda#C/fin Pekka haluaa omaisuuttaan ,1,3,1,
354,myyda#C/fin Pekan_gen taytyy omaisuuttaan ,1,3,1,
355,myynyt#C/fin Pekka ei ollut omaisuuttaan ,1,3,1,
356,myynyt Pekka ei omaisuuttaan ,1,3,1,
357,myynyt Pekka on omaisuuttaan ,1,3,1,
358,myyda Pekka haluaa omaisuuttaan ,1,3,1,
359,myyda Pekan_gen taytyy omaisuuttaan ,1,3,1,
360,myynyt Pekka ei ollut omaisuuttaan ,1,3,1,
361,ihailla#C/op Pekka kaskee poikien Merjaa ,1,3,1,
362,ihailla#[foc] Pekka kaskee poikien Merjaa ,1,3,1,
363,ihailla#[hAn] Pekka kaskee poikien Merjaa ,1,3,1,
364,ihailla#[kO] Pekka kaskee poikien Merjaa ,1,3,1,
365,ihailla#[pA] Pekka kaskee poikien Merjaa ,1,3,1,
366,ihailla#[foc]#[hAn] Pekka kaskee poikien Merjaa ,1,3,1,
367,ihailla#[foc]#[kO] Pekka kaskee poikien Merjaa ,1,3,1,
368,ihailla#[foc]#[pA] Pekka kaskee poikien Merjaa ,1,3,1,
369,ihailla#[kO]#[hAn] Pekka kaskee poikien Merjaa ,1,3,1,
370,ihailla#[pA]#[hAn] Pekka kaskee poikien Merjaa ,1,3,1,
371,ihailla#[foc]#[kO]#[hAn] Pekka kaskee poikien Merjaa ,1,3,1,
372,ihailla#[foc]#[pA]#[hAn] Pekka kaskee poikien Merjaa ,1,3,1,
373,ihailla#C/fin Pekka kaskee poikien Merjaa ,1,3,1,
374,ihailla Pekka kaskee poikien Merjaa ,1,3,1,
375,ollut#C/fin Pekka ei ihaillut Merjaa ,1,3,1,
376,ollut Pekka ei ihaillut Merjaa ,1,3,1,
377,ihaillut#C/op Pekka ei ollut Merjaa ,1,3,1,
378,admire' John wants to_inf Mary ,1,3,1,
379,to_inf admire' John wants Mary ,1,3,1,
380,to_inf John wants admire' Mary ,1,3,1,
381,admire'#C/fin John wants to_inf Mary ,1,3,1,
382,to_inf#C/fin admire' John wants Mary ,1,3,1,
383,to_inf#C/fin John wants admire' Mary ,1,3,1,
384,taydy#C/op Pekan_gen ei ihailla Merjaa ,1,4,0,2050,0,0,11,10,19,0,0,0,0,13,19,12,11,4,3,15,14,6,19,12,4,26,6,410,51,6,16,78
385,taydy#[foc] Pekan_gen ei ihailla Merjaa ,1,4,0,2070,0,0,11,10,19,0,0,0,0,13,19,12,11,4,3,15,14,6,19,12,4,26,6,414,51,6,16,78
386,taydy#[hAn] Pekan_gen ei ihailla Merjaa ,1,4,0,2070,0,0,11,10,19,0,0,0,0,13,19,12,11,4,3,15,14,6,19,12,4,26,6,414,51,6,16,62
387,taydy#[kO] Pekan_gen ei ihailla Merjaa ,1,4,0,2050,0,0,11,10,19,0,0,0,0,13,19,12,11,4,3,15,14,6,19,12,4,26,6,410,51,6,16,78
388,taydy#[pA] Pekan_gen ei ihailla Merjaa ,1,4,0,2050,0,0,11,10,19,0,0,0,0,13,19,12,11,4,3,15,14,6,19,12,4,26,6,410,51,6,16,78
389,taydy#[foc]#[hAn] Pekan_gen ei ihailla Merjaa ,1,4,0,2270,0,0,11,10,19,0,0,0,0,13,19,12,11,4,3,17,14,6,19,12,4,28,6,454,51,6,16,62
390,taydy#[foc]#[kO] Pekan_gen ei ihailla Merjaa ,1,4,0,2250,0,0,11,10,19,0,0,0,0,13,19,12,11,4,3,17,14,6,19,12,4,28,6,450,51,6,16,62
391,taydy#[foc]#[pA] Pekan_gen ei ihailla Merjaa ,1,4,0,2250,0,0,11,10,19,0,0,0,0,13,19,12,11,4,3,17,14,6,19,12,4,28,6,450,51,6,16,78
392,taydy#[kO]#[hAn] Pekan_gen ei ihailla Merjaa ,1,4,0,2240,0,0,11,10,19,0,0,0,0,13,19,12,11,4,3,17,14,6,19,12,4,28,6,448,51,6,16,62
393,taydy#[pA]#[hAn] Pekan_gen ei ihailla Merjaa ,1,4,0,2240,0,0,11,10,19,0,0,0,0,13,19,12,11,4,3,17,14,6,19,12,4,28,6,448,51,6,16,78
394,taydy#[foc]#[kO]#[hAn] Pekan_gen ei ihailla Merjaa ,1,4,0,2440,0,0,11,10,19,0,0,0,0,13,19,12,11,4,3,19,14,6,19,12,4,30,6,488,51,6,16,78
395,taydy#[foc]#[pA]#[hAn] Pekan_gen ei ihailla Merjaa ,1,4,0,2440,0,0,11,10,19,0,0,0,0,13,19,12,11,4,3,19,14,6,19,12,4,30,6,488,51,6,16,62
396,taydy#C/op Pekan_gen ei myyda omaisuuttaan ,1,4,0,1860,0,0,11,10,19,0,0,0,0,13,19,12,11,4,3,10,14,6,19,12,4,21,6,372,51,6,16,62
397,ihailla#C/op Pekan_gen ei taydy Merjaa ,1,4,0,2090,0,0,11,10,18,0,0,0,0,14,20,13,11,3,3,15,15,6,21,12,5,26,6,418,51,6,13,78
398,ihailla#[foc] Pekan_gen ei taydy Merjaa ,1,4,0,2110,0,0,11,10,18,0,0,0,0,14,20,13,11,3,3,15,15,6,21,12,5,26,6,422,51,6,13,78
399,ihailla#[hAn] Pekan_gen ei taydy Merjaa ,1,4,0,2110,0,0,11,10,18,0,0,0,0,14,20,13,11,3,3,15,15,6,21,12,5,26,6,422,51,6,13,62
400,ihailla#[kO] Pekan_gen ei taydy Merjaa ,1,4,0,2090,0,0,11,10,18,0,0,0,0,14,20,13,11,3,3,15,15,6,21,12,5,26,6,418,51,6,13,78
401,ihailla#[pA] Pekan_gen ei taydy Merjaa ,1,4,0,2090,0,0,11,10,18,0,0,0,0,14,20,13,11,3,3,15,15,6,21,12,5,26,6,418,51,6,13,78
402,ihailla#[foc]#[hAn] Pekan_gen ei taydy Merjaa ,1,4,0,2310,0,0,11,10,18,0,0,0,0,14,20,13,11,3,3,17,15,6,21,12,5,28,6,462,51,6,13,62
403,ihailla#[foc]#[kO] Pekan_gen ei taydy Merjaa ,1,4,0,2290,0,0,11,10,18,0,0,0,0,14,20,13,11,3,3,17,15,6,21,12,5,28,6,458,51,6,13,78
404,ihailla#[foc]#[pA] Pekan_gen ei taydy Merjaa ,1,4,0,2290,0,0,11,10,18,0,0,0,0,14,20,13,11,3,3,17,15,6,21,12,5,28,6,458,51,6,13,78
405,ihailla#[kO]#[hAn] Pekan_gen ei taydy Merjaa ,1,4,0,2280,0,0,11,10,18,0,0,0,0,14,20,13,11,3,3,17,15,6,21,12,5,28,6,456,51,6,13,62
406,ihailla#[pA]#[hAn] Pekan_gen ei taydy Merjaa ,1,4,0,2280,0,0,11,10,18,0,0,0,0,14,20,13,11,3,3,17,15,6,21,12,5,28,6,456,51,6,13,78
407,ihailla#[foc]#[kO]#[hAn] Pekan_gen ei taydy Merjaa ,1,4,0,2480,0,0,11,10,18,0,0,0,0,14,20,13,11,3,3,19,15,6,21,12,5,30,6,496,51,6,13,78
408,ihailla#[foc]#[pA]#[hAn] Pekan_gen ei taydy Merjaa ,1,4,0,2480,0,0,11,10,18,0,0,0,0,14,20,13,11,3,3,19,15,6,21,12,5,30,6,496,51,6,13,78
409,myyda#C/op Pekan_gen ei taydy omaisuuttaan ,1,4,0,1880,0,0,11,10,18,0,0,0,0,14,20,13,11,3,3,10,15,6,21,12,5,21,6,376,51,6,13,78
410,halua#C/op Pekka ei ihailla Merjaa ,1,4,0,2115,0,0,12,11,22,3,0,0,3,13,18,15,12,4,3,15,14,5,22,13,3,27,6,423,64,7,52,78
411,halua#[foc] Pekka ei ihailla Merjaa ,1,4,0,2135,0,0,12,11,22,3,0,0,3,13,18,15,12,4,3,15,14,5,22,13,3,27,6,427,64,7,52,93
412,halua#[hAn] Pekka ei ihailla Merjaa ,1,4,0,2135,0,0,12,11,22,3,0,0,3,13,18,15,12,4,3,15,14,5,22,13,3,27,6,427,64,7,52,93
413,halua#[kO] Pekka ei ihailla Merjaa ,1,4,0,2115,0,0,12,11,22,3,0,0,3,13,18,15,12,4,3,15,14,5,22,13,3,27,6,423,64,7,52,93
414,halua#[pA] Pekka ei ihailla Merjaa ,1,4,0,2115,0,0,12,11,22,3,0,0,3,13,18,15,12,4,3,15,14,5,22,13,3,27,6,423,64,7,52,78
415,halua#[foc]#[hAn] Pekka ei ihailla Merjaa ,1,4,0,2335,0,0,12,11,22,3,0,0,3,13,18,15,12,4,3,17,14,5,22,13,3,29,6,467,64,7,52,78
416,halua#[foc]#[kO] Pekka ei ihailla Merjaa ,1,4,0,2315,0,0,12,11,22,3,0,0,3,13,18,15,12,4,3,17,14,5,22,13,3,29,6,463,64,7,52,93
417,halua#[foc]#[pA] Pekka ei ihailla Merjaa ,1,4,0,2315,0,0,12,11,22,3,0,0,3,13,18,15,12,4,3,17,14,5,22,13,3,29,6,463,64,7,52,78
418,halua#[kO]#[hAn] Pekka ei ihailla Merjaa ,1,4,0,2305,0,0,12,11,22,3,0,0,3,13,18,15,12,4,3,17,14,5,22,13,3,29,6,461,64,7,52,78
419,halua#[pA]#[hAn] Pekka ei ihailla Merjaa ,1,4,0,2305,0,0,12,11,22,3,0,0,3,13,18,15,12,4,3,17,14,5,22,13,3,29,6,461,64,7,52,93
420,halua#[foc]#[kO]#[hAn] Pekka ei ihailla Merjaa ,1,4,0,2505,0,0,12,11,22,3,0,0,3,13,18,15,12,4,3,19,14,5,22,13,3,31,6,501,64,7,52,93
421,halua#[foc]#[pA]#[hAn] Pekka ei ihailla Merjaa ,1,4,0,2505,0,0,12,11,22,3,0,0,3,13,18,15,12,4,3,19,14,5,22,13,3,31,6,501,64,7,52,93
422,ihailla#C/op Pekka ei halua Merjaa ,1,4,0,2160,0,0,12,11,22,3,0,0,3,14,19,16,12,3,3,15,15,5,24,13,4,27,6,432,66,7,52,78
423,halua#C/op Pekka ei myyda omaisuuttaan ,1,4,0,1925,0,0,12,11,22,3,0,0,3,13,18,15,12,4,3,10,14,5,22,13,3,22,6,385,64,7,52,78
424,myyda#C/op Pekka ei halua omaisuuttaan ,1,4,0,1950,0,0,12,11,22,3,0,0,3,14,19,16,12,3,3,10,15,5,24,13,4,22,6,390,66,7,52,78
425,halua#C/op Merjaa ei ihailla Pekka ,1,4,0,2210,0,0,13,11,27,5,0,0,5,16,22,18,12,5,3,15,12,6,26,12,4,27,6,442,124,8,135,93
426,halua#[foc] Merjaa ei ihailla Pekka ,1,4,0,2230,0,0,13,11,27,5,0,0,5,16,22,18,12,5,3,15,12,6,26,12,4,27,6,446,124,8,135,109
427,halua#[hAn] Merjaa ei ihailla Pekka ,1,4,0,2230,0,0,13,11,27,5,0,0,5,16,22,18,12,5,3,15,12,6,26,12,4,27,6,446,124,8,135,93
428,halua#[kO] Merjaa ei ihailla Pekka ,1,4,0,2210,0,0,13,11,27,5,0,0,5,16,22,18,12,5,3,15,12,6,26,12,4,27,6,442,124,8,135,93
429,halua#[pA] Merjaa ei ihailla Pekka ,1,4,0,2210,0,0,13,11,27,5,0,0,5,16,22,18,12,5,3,15,12,6,26,12,4,27,6,442,124,8,135,93
430,halua#[foc]#[hAn] Merjaa ei ihailla Pekka ,1,4,0,2430,0,0,13,11,27,5,0,0,5,16,22,18,12,5,3,17,12,6,26,12,4,29,6,486,124,8,135,109
431,halua#[foc]#[kO] Merjaa ei ihailla Pekka ,1,4,0,2410,0,0,13,11,27,5,0,0,5,16,22,18,12,5,3,17,12,6,26,12,4,29,6,482,124,8,135,93
432,halua#[foc]#[pA] Merjaa ei ihailla Pekka ,1,4,0,2410,0,0,13,11,27,5,0,0,5,16,22,18,12,5,3,17,12,6,26,12,4,29,6,482,124,8,135,109
433,halua#[kO]#[hAn] Merjaa ei ihailla Pekka ,1,4,0,2400,0,0,13,11,27,5,0,0,5,16,22,18,12,5,3,17,12,6,26,12,4,29,6,480,124,8,135,93
434,halua#[pA]#[hAn] Merjaa ei ihailla Pekka ,1,4,0,2400,0,0,13,11,27,5,0,0,5,16,22,18,12,5,3,17,12,6,26,12,4,29,6,480,124,8,135,93
435,halua#[foc]#[kO]#[hAn] Merjaa ei ihailla Pekka ,1,4,0,2600,0,0,13,11,27,5,0,0,5,16,22,18,12,5,3,19,12,6,26,12,4,31,6,520,124,8,135,93
436,halua#[foc]#[pA]#[hAn] Merjaa ei ihailla Pekka ,1,4,0,2600,0,0,13,11,27,5,0,0,5,16,22,18,12,5,3,19,12,6,26,12,4,31,6,520,124,8,135,109
437,ihailla#C/op Merjaa ei halua Pekka ,1,4,0,2230,0,0,13,11,27,5,0,0,5,16,22,18,12,4,2,15,13,6,27,12,4,27,6,446,127,8,131,109
438,halua#C/op omaisuuttaan ei myyda Pekka ,1,4,0,3225,1,2,13,13,33,6,0,0,6,22,28,21,13,6,3,10,14,6,30,13,4,23,6,645,129,8,139,109
439,myyda#C/op omaisuuttaan ei halua Pekka ,1,4,0,3225,1,2,13,13,33,5,0,0,5,23,29,21,13,5,3,10,15,6,31,13,4,23,6,645,134,8,139,109
440,taydy#C/fin Pekan_gen ei ihailla Merjaa ,1,4,1,
441,taydy Pekan_gen ei ihailla Merjaa ,1,4,1,
442,taydy#C/fin Pekan_gen ei myyda omaisuuttaan ,1,4,1,
443,taydy Pekan_gen ei myyda omaisuuttaan ,1,4,1,
444,ihailla#C/fin Pekan_gen ei taydy Merjaa ,1,4,1,
445,ihailla Pekan_gen ei taydy Merjaa ,1,4,1,
446,halua Pekka ei myyda omaisuuttaan ,1,4,1,
447,myyda Pekka ei halua omaisuuttaan ,1,4,1,
448,ihailla#C/op Pekka sanoo etta Pekka haluaa Merjaa ,1,5,0,3600,0,0,23,15,51,16,0,0,16,25,30,43,16,5,3,21,32,5,62,23,7,37,7,514,236,13,204,187
449,ihailla#[foc] Pekka sanoo etta Pekka haluaa Merjaa ,1,5,0,3620,0,0,23,15,51,16,0,0,16,25,30,43,16,5,3,21,32,5,62,23,7,37,7,517,236,13,204,187
450,ihailla#[hAn] Pekka sanoo etta Pekka haluaa Merjaa ,1,5,0,3620,0,0,23,15,51,16,0,0,16,25,30,43,16,5,3,21,32,5,62,23,7,37,7,517,236,13,204,187
451,ihailla#[kO] Pekka sanoo etta Pekka haluaa Merjaa ,1,5,0,3600,0,0,23,15,51,16,0,0,16,25,30,43,16,5,3,21,32,5,62,23,7,37,7,514,236,13,204,265
452,ihailla#[pA] Pekka sanoo etta Pekka haluaa Merjaa ,1,5,0,3600,0,0,23,15,51,16,0,0,16,25,30,43,16,5,3,21,32,5,62,23,7,37,7,514,236,13,204,187
453,ihailla#[foc]#[hAn] Pekka sanoo etta Pekka haluaa Merjaa ,1,5,0,3820,0,0,23,15,51,16,0,0,16,25,30,43,16,5,3,23,32,5,62,23,7,39,7,545,236,13,204,203
454,ihailla#[foc]#[kO] Pekka sanoo etta Pekka haluaa Merjaa ,1,5,0,3800,0,0,23,15,51,16,0,0,16,25,30,43,16,5,3,23,32,5,62,23,7,39,7,542,236,13,204,203
455,ihailla#[foc]#[pA] Pekka sanoo etta Pekka haluaa Merjaa ,1,5,0,3800,0,0,23,15,51,16,0,0,16,25,30,43,16,5,3,23,32,5,62,23,7,39,7,542,236,13,204,187
456,ihailla#[kO]#[hAn] Pekka sanoo etta Pekka haluaa Merjaa ,1,5,0,3790,0,0,23,15,51,16,0,0,16,25,30,43,16,5,3,23,32,5,62,23,7,39,7,541,236,13,204,187
457,ihailla#[pA]#[hAn] Pekka sanoo etta Pekka haluaa Merjaa ,1,5,0,3790,0,0,23,15,51,16,0,0,16,25,30,43,16,5,3,23,32,5,62,23,7,39,7,541,236,13,204,187
458,ihailla#[foc]#[kO]#[hAn] Pekka sanoo etta Pekka haluaa Merjaa ,1,5,0,3990,0,0,23,15,51,16,0,0,16,25,30,43,16,5,3,25,32,5,62,23,7,41,7,570,236,13,204,203
459,ihailla#[foc]#[pA]#[hAn] Pekka sanoo etta Pekka haluaa Merjaa ,1,5,0,3990,0,0,23,15,51,16,0,0,16,25,30,43,16,5,3,25,32,5,62,23,7,41,7,570,236,13,204,203
460,lahtea#C/op Pekka sanoo etta Pekan_gen taytyy ,1,5,0,2615,0,0,24,11,32,9,0,0,9,18,23,27,12,5,0,15,19,5,42,14,6,27,6,435,169,13,95,109
461,myyda#C/op Pekka sanoo etta Pekka haluaa omaisuutensa ,1,5,0,3390,0,0,23,15,51,16,0,0,16,25,30,43,16,5,3,16,32,5,62,23,7,32,7,484,236,13,204,187
462,myyda#C/op Pekka sanoo etta Pekan_gen taytyy omaisuutensa ,1,5,0,3200,0,0,21,14,45,10,0,0,10,25,31,33,15,5,3,16,32,6,52,22,6,31,7,457,194,11,104,171
463,haluaa#C/op Pekka sanoo etta ihailla Merjaa ,1,5,1,
464,ihailee#C/op Pekka sanoo etta Merjaa ,1,5,1,
465,taytyy#C/op Pekka sanoo etta Pekan_gen ihailla Merjaa ,1,5,1,
466,haluaa#C/op Pekka sanoo etta myyda omaisuutensa ,1,5,1,
467,myi#C/op Pekka sanoo etta omaisuutensa ,1,5,1,
468,taytyy#C/op Pekka sanoo etta Pekan_gen myyda omaisuutensa ,1,5,1,
469,ihailla#C/fin Pekka sanoo etta haluaa Merjaa ,1,5,1,
470,lahtea#C/fin Pekka sanoo etta Pekan_gen taytyy ,1,5,1,
471,ihailla Pekka sanoo etta haluaa Merjaa ,1,5,1,
472,lahtea Pekka sanoo etta Pekan_genan taytyy ,1,5,1,
473,haluaa#C/fin Pekka sanoo etta myyda omaisuutensa ,1,5,1,
474,myi#C/fin Pekka sanoo etta omaisuutensa ,1,5,1,
475,taytyy#C/fin Pekka sanoo etta Pekan_gen myyda omaisuutensa ,1,5,1,
476,haluaa Pekka sanoo etta myyda omaisuutensa ,1,5,1,
477,myi Pekka sanoo etta omaisuutensa ,1,5,1,
478,taytyy Pekka sanoo etta Pekan_gen myyda omaisuutensa ,1,5,1,
479,ihailla Merjaa#C/op Pekka haluaa ,1,6,0,5855,3,6,20,20,41,10,0,4,2,4,9,27,18,8,8,14,17,5,35,13,11,32,6,1463,71,15,41,125
480,Merjaa#C/op ihailla Pekka haluaa ,1,6,0,5850,3,6,20,20,42,15,0,10,2,4,9,23,18,10,1,14,17,5,34,13,8,32,6,1462,108,15,86,156
481,tassa#C/op ihailla Merjaa Pekka haluaa ,1,6,0,11770,7,14,33,37,79,27,0,18,3,8,14,52,31,15,13,18,38,6,72,25,16,49,9,2354,192,26,174,359
482,ihailla Merjaa haluan ,1,6,0,2290,1,2,10,10,17,2,0,1,0,2,7,7,10,4,1,7,2,5,8,7,3,17,3,763,28,7,14,46
483,ihailla#C/op Merjaa Pekka haluaa ,1,6,0,2005,0,0,13,10,17,2,0,0,2,4,8,14,11,2,2,15,9,4,21,9,6,26,5,501,83,9,98,62
484,ihailla Merjaa haluan tassa ,1,6,0,4050,2,3,18,19,35,8,0,4,0,7,13,18,18,5,5,16,9,6,21,15,8,34,8,1012,67,13,43,140
485,ihailla Merjaa haluan ,1,6,0,2290,1,2,10,10,17,2,0,1,0,2,7,7,10,4,1,7,2,5,8,7,3,17,3,763,28,7,14,46
486,ihailla Merjaa Pekka haluaa ,1,6,1,
487,ihailla Merjaa Pekka haluaa tassa ,1,6,1,
488,Merjaa#C/op ihailla Pekka haluaa tassa ,1,6,1,
489,ihailemalla#C/op Pekka istuu Merjaa ,1,7,1,
490,ihailemalla#[foc] Pekka istuu Merjaa ,1,7,1,
491,ihailemalla#[hAn] Pekka istuu Merjaa ,1,7,1,
492,ihailemalla#[kO] Pekka istuu Merjaa ,1,7,1,
493,ihailemalla#[pA] Pekka istuu Merjaa ,1,7,1,
494,ihailemalla#[foc]#[hAn] Pekka istuu Merjaa ,1,7,1,
495,ihailemalla#[foc]#[kO] Pekka istuu Merjaa ,1,7,1,
496,ihailemalla#[foc]#[pA] Pekka istuu Merjaa ,1,7,1,
497,ihailemalla#[kO]#[hAn] Pekka istuu Merjaa ,1,7,1,
498,ihailemalla#[pA]#[hAn] Pekka istuu Merjaa ,1,7,1,
499,ihailemalla#[foc]#[kO]#[hAn] Pekka istuu Merjaa ,1,7,1,
500,ihailemalla#[foc]#[pA]#[hAn] Pekka istuu Merjaa ,1,7,1,
501,ihailla#C/op sopimus Merjaa istuu ,1,7,1,
502,ihailla#[foc] sopimus Merjaa istuu ,1,7,1,
503,ihailla#[hAn] sopimus Merjaa istuu ,1,7,1,
504,ihailla#[kO] sopimus Merjaa istuu ,1,7,1,
505,ihailla#[pA] sopimus Merjaa istuu ,1,7,1,
506,ihailla#[foc]#[hAn] sopimus Merjaa istuu ,1,7,1,
507,ihailla#[foc]#[kO] sopimus Merjaa istuu ,1,7,1,
508,ihailla#[foc]#[pA] sopimus Merjaa istuu ,1,7,1,
509,ihailla#[kO]#[hAn] sopimus Merjaa istuu ,1,7,1,
510,ihailla#[pA]#[hAn] sopimus Merjaa istuu ,1,7,1,
511,ihailla#[foc]#[kO]#[hAn] sopimus Merjaa istuu ,1,7,1,
512,ihailla#[foc]#[pA]#[hAn] sopimus Merjaa istuu ,1,7,1,
513,ihailla#C/op Pekka teki sopimuksen Merjaa ,1,7,1,
514,ihailla#[foc] Pekka teki sopimuksen Merjaa ,1,7,1,
515,ihailla#[hAn] Pekka teki sopimuksen Merjaa ,1,7,1,
516,ihailla#[kO] Pekka teki sopimuksen Merjaa ,1,7,1,
517,ihailla#[pA] Pekka teki sopimuksen Merjaa ,1,7,1,
518,ihailla#[foc]#[hAn] Pekka teki sopimuksen Merjaa ,1,7,1,
519,ihailla#[foc]#[kO] Pekka teki sopimuksen Merjaa ,1,7,1,
520,ihailla#[foc]#[pA] Pekka teki sopimuksen Merjaa ,1,7,1,
521,ihailla#[kO]#[hAn] Pekka teki sopimuksen Merjaa ,1,7,1,
522,ihailla#[pA]#[hAn] Pekka teki sopimuksen Merjaa ,1,7,1,
523,ihailla#[foc]#[kO]#[hAn] Pekka teki sopimuksen Merjaa ,1,7,1,
524,ihailla#[foc]#[pA]#[hAn] Pekka teki sopimuksen Merjaa ,1,7,1,
525,Pekka teki ihailla sopimuksen Merjaa ,1,8,1,
526,Pekka teki myyda sopimuksen omaisuutensa ,1,8,1,
527,Pekka elaa ihailla haluamalla Merjaa ,1,8,1,
528,Pekka elaa ihailla#C/op haluamalla Merjaa ,1,8,1,
529,Pekka ihaile ei Merjaa ,1,9,1,
530,Pekka ollut ei ihaillut Merjaa ,1,9,1,
531,Pekka ollut ihaillut ei Merjaa ,1,9,1,
532,Pekka ei ihaillut ollut Merjaa ,1,9,1,
533,Pekka ei ihaillut ei ollut Merjaa ,1,9,1,
534,Pekka ihaillut ollut ei Merjaa ,1,9,1,
535,Pekan_gen taydy ei ihailla Merjaa ,1,9,1,
536,Pekan_gen taydy ihailla ei Merjaa ,1,9,1,
537,Pekan_gen ei ihailla taydy Merjaa ,1,9,1,
538,Pekan_gen ihailla ei taydy Merjaa ,1,9,1,
539,Pekan_gen ihailla taydy ei Merjaa ,1,9,1,
540,taydy#C/op Pekan_gen ihailla ei Merjaa ,1,9,1,
541,taydy#[foc] Pekan_gen ihailla ei Merjaa ,1,9,1,
542,taydy#[hAn] Pekan_gen ihailla ei Merjaa ,1,9,1,
543,taydy#[kO] Pekan_gen ihailla ei Merjaa ,1,9,1,
544,taydy#[pA] Pekan_gen ihailla ei Merjaa ,1,9,1,
545,taydy#[foc]#[hAn] Pekan_gen ihailla ei Merjaa ,1,9,1,
546,taydy#[foc]#[kO] Pekan_gen ihailla ei Merjaa ,1,9,1,
547,taydy#[foc]#[pA] Pekan_gen ihailla ei Merjaa ,1,9,1,
548,taydy#[kO]#[hAn] Pekan_gen ihailla ei Merjaa ,1,9,1,
549,taydy#[pA]#[hAn] Pekan_gen ihailla ei Merjaa ,1,9,1,
550,taydy#[foc]#[kO]#[hAn] Pekan_gen ihailla ei Merjaa ,1,9,1,
551,taydy#[foc]#[pA]#[hAn] Pekan_gen ihailla ei Merjaa ,1,9,1,
552,ihailla#C/op Pekan_gen taydy ei Merjaa ,1,9,1,
553,halua#C/op Pekan_gen Pekka ihailla ei Merjaa ,1,9,1,
554,ihailla#C/op Pekan_gen halua ei Merjaa ,1,9,1,
555,Pekka ihaile Merjaa ei ,1,9,1,
556,Pekka ei ihaillut Merjaa ollut ,1,9,1,
557,Pekan_gen ei ihailla Merjaa taydy ,1,9,1,
558,C/fin Pekka ihailee#C/op Merjaa ,1,10,1,
559,C/fin Pekka ei#C/op ihaile Merjaa ,1,10,1,
560,C/fin Pekka on'#C/op ihaillut Merjaa ,1,10,1,
561,C/fin Pekka ei#C/op ollut ihaillut Merjaa ,1,10,1,
562,C/fin Pekka haluaa#C/op ihailla Merjaa ,1,10,1,
563,C/fin Pekan_genn taytyy#C/op ihailla Merjaa ,1,10,1,
564,C/fin Pekan_gen ei#C/op taydy ihailla Merjaa ,1,10,1,
565,C/fin Pekka ei#C/op halua ihailla Merjaa ,1,10,1,
566,C/fin Pekka sanoo#C/op etta haluaa ihailla Merjaa ,1,10,1,
567,C/fin Pekka kaskee#C/op poikien ihailla Merjaa ,1,10,1,
568,C/fin Pekka istuu#C/op ihailemalla Merjaa ,1,10,1,
569,C/fin Pekka istuu#C/op haluamalla ihailla Merjaa ,1,10,1,
570,C/fin Pekka teki#C/op sopimuksen ihailla Merjaa ,1,10,1,
571,Pekka ei ihaile#C/op Merjaa ,1,10,1,
572,Pekka on' ihaillut#C/op Merjaa ,1,10,1,
573,Pekka ei ollut#C/op ihaillut Merjaa ,1,10,1,
574,Pekka haluaa ihailla#C/op Merjaa ,1,10,1,
575,Pekan_gen taytyy ihailla#C/op Merjaa ,1,10,1,
576,Pekan_gen ei taydy#C/op ihailla Merjaa ,1,10,1,
577,Pekka ei halua#C/op ihailla Merjaa ,1,10,1,
578,Pekka kaskee poikien ihailla#C/op Merjaa ,1,10,1,
579,Pekka ei ollut ihaillut#C/op Merjaa ,1,10,1,
580,Pekan_gen ei taydy ihailla#C/op Merjaa ,1,10,1,
581,Pekka ei halua ihailla#C/op Merjaa ,1,10,1,
582,Pekka sanoo etta haluaa ihailla#C/op Merjaa ,1,10,1,
583,Pekka istuu ihailemalla#C/op Merjaa ,1,10,1,
584,Pekka istuu haluamalla ihailla#C/op Merjaa ,1,10,1,
585,Pekka teki sopimuksen ihailla#C/op Merjaa ,1,10,1,
586,Pekka ihailee#C/op Merjaa ,1,10,1,
587,Pekka ei#C/op ihaile Merjaa ,1,10,1,
588,Pekka on'#C/op ihaillut Merjaa ,1,10,1,
589,Pekka ei#C/op ollut ihaillut Merjaa ,1,10,1,
590,Pekka haluaa#C/op ihailla Merjaa ,1,10,1,
591,Pekan_gen taytyy#C/op ihailla Merjaa ,1,10,1,
592,Pekan_gen ei#C/op taydy ihailla Merjaa ,1,10,1,
593,Pekka ei#C/op halua ihailla Merjaa ,1,10,1,
594,Pekka sanoo#C/op etta haluaa ihailla Merjaa ,1,10,1,
595,Pekka kaskee#C/op poikien ihailla Merjaa ,1,10,1,
596,Pekka istuu#C/op ihailemalla Merjaa ,1,10,1,
597,Pekka istuu#C/op haluamalla ihailla Merjaa ,1,10,1,
598,Pekka teki#C/op sopimuksen ihailla Merjaa ,1,10,1,
599,C/op#istuu Pekka ,1,10,1,
600,[foc]#istuu Pekka ,1,10,1,
601,[hAn]#istuu Pekka ,1,10,1,
602,[kO]#istuu Pekka ,1,10,1,
603,[pA]#istuu Pekka ,1,10,1,
604,[foc]#[hAn]#istuu Pekka ,1,10,1,
605,[foc]#[kO]#istuu Pekka ,1,10,1,
606,[foc]#[pA]#istuu Pekka ,1,10,1,
607,[kO]#[hAn]#istuu Pekka ,1,10,1,
608,[pA]#[hAn]#istuu Pekka ,1,10,1,
609,[foc]#[kO]#[hAn]#istuu Pekka ,1,10,1,
610,[foc]#[pA]#[hAn]#istuu Pekka ,1,10,1,
