@  {'study_folder': 'study-6-linear-phase-theory/Experiment 2c/42-filter-off/', 'test_corpus_file': 'linear_phase_theory_corpus.txt', 'test_corpus_folder': 'study-6-linear-phase-theory', 'author': 'PauliBrattico', 'year': 2020, 'date': 'Novemember', 'study_id': 42, 'only_first_solution': True, 'logging': False, 'ignore_ungrammatical_sentences': True, 'datatake_resources': True, 'datatake_resource_sequence': False, 'datatake_timings': False, 'datatake_images': False, 'image_parameter_stop_after_each_image': True, 'image_parameter_show_words': True, 'image_parameter_nolabels': False, 'image_parameter_spellout': False, 'image_parameter_case': False, 'image_parameter_show_sentences': False, 'image_parameter_show_glosses': True, 'extra_ranking': False, 'filter': False, 'lexical_anticipation': False, 'closure': 'Top-down', 'positive_spec_selection': 100, 'negative_spec_selection': -100, 'positive_head_comp_selection': 100, 'negative_head_comp_selection': -100, 'negative_semantics_match': -100, 'negative_adverbial_test': -100, 'positive_adverbial_test': 100, 'negative_tail_test': -100, 'break_head_comp_relations': 0, 'lf_legibility_condition': 0}
@  2020-12-19 11:34:13.319796
@  Test sentences from language data working directory\study-6-linear-phase-theory\linear_phase_theory_corpus.txt.
@  Logs into language data working directory\study-6-linear-phase-theory\Experiment 2c\42-filter-off\linear_phase_theory_corpus_log.txt.
@  Lexicon from language data working directory\lexicon.txt.
@  Redundancy rules from language data working directory\redundancy_rules.txt.
@  Universal morphemes from language data working directory\ug_morphemes.txt.
@ 
@ 
Number,Sentence,Study_ID,Group 0,Group 1,Group 2,Group 3,Total Time,Garden Paths,Merge,Move Head,Move Phrase,A-Move Phrase,A-bar Move Phrase,Move Adjunct,Agree,Phi,Transfer,Item streamed into syntax,Feature Processing,Extraposition,Inflection,Failed Transfer,LF recovery,LF test,Filter solution,Rank solution,Lexical retrieval,Morphological decomposition,Mean time per word,Asymmetric Merge,Sink,External Tail Test,Execution time (ms)	
1,a' b' ,42,0,1,1,1,150,0,1,0,0,0,0,0,0,0,2,2,0,0,0,0,0,1,0,0,2,0,75,1,0,0,0
2,a' b' c' ,42,0,1,1,1,220,0,2,0,0,0,0,0,0,0,3,3,0,0,0,0,0,1,0,0,3,0,73,2,0,0,0
3,a' b' c' d' ,42,0,1,1,1,290,0,3,0,0,0,0,0,0,0,4,4,0,0,0,0,0,1,0,0,4,0,72,3,0,0,0
4,a' b' c' d' a' ,42,0,1,1,1,360,0,4,0,0,0,0,0,0,0,5,5,0,0,0,0,0,1,0,0,5,0,72,4,0,0,0
5,Pekka istuu ,42,1,1,1,0,1466,1,4,3,1,0,0,1,2,3,5,4,0,0,6,3,1,8,0,0,10,2,733,12,2,14,15
6,Pekka lahtee ,42,1,1,1,0,1516,1,4,3,1,0,0,1,2,3,5,4,0,0,6,3,1,8,0,0,10,2,758,12,2,14,15
7,Pekka elaa ,42,1,1,1,0,1416,1,4,3,1,0,0,1,2,3,5,4,0,0,6,3,1,8,0,0,10,2,708,12,2,14,15
8,Pekka juoksee ,42,1,1,1,0,1406,1,4,3,1,0,0,1,2,3,5,4,0,0,5,3,1,8,0,0,9,2,703,12,2,14,15
9,Pekka kuorsaa ,42,1,1,1,0,1591,1,4,3,1,0,0,1,2,3,5,4,0,0,6,3,1,8,0,0,10,2,795,12,2,14,0
10,Pekka nukkui ,42,1,1,1,0,1516,1,4,3,1,0,0,1,2,3,5,4,0,0,6,3,1,8,0,0,10,2,758,12,2,14,0
11,John sleeps ,42,1,1,1,0,1431,1,4,3,0,0,0,0,2,3,4,4,0,0,6,3,1,7,0,0,10,2,715,8,2,0,15
12,John leaves ,42,1,1,1,0,1431,1,4,3,0,0,0,0,2,3,4,4,0,0,6,3,1,7,0,0,10,2,715,8,2,0,0
13,the horse fell ,42,1,1,1,0,746,1,4,1,0,0,0,0,2,4,5,4,0,0,0,4,2,7,0,0,4,1,248,7,1,0,0
14,lui dorme ,42,1,1,1,0,1356,1,4,3,0,0,0,0,2,3,4,4,0,0,6,3,1,7,0,0,10,2,678,8,2,0,15
15,Pekka lahtee Merjan ,42,1,1,1,1,
16,Pekka elaa Merjan ,42,1,1,1,1,
17,Pekka istuu Merjan ,42,1,1,1,1,
18,Pekka juoksee Merjan ,42,1,1,1,1,
19,Pekka kuorsaa Merjan ,42,1,1,1,1,
20,Pekka nukkui Merjan ,42,1,1,1,1,
21,Pekka lahtee Merja ,42,1,1,1,1,
22,Pekka elaa Merja ,42,1,1,1,1,
23,Pekka istuu Merja ,42,1,1,1,1,
24,Pekka juoksee Merja ,42,1,1,1,1,
25,Pekka kuorsaa Merja ,42,1,1,1,1,
26,Pekka nukkui Merja ,42,1,1,1,1,
27,Pekan istuu ,42,1,1,1,1,
28,Pekan lahtee ,42,1,1,1,1,
29,Pekan elaa ,42,1,1,1,1,
30,Pekan juoksee ,42,1,1,1,1,
31,Pekan kuorsaa ,42,1,1,1,1,
32,Pekan nukkui ,42,1,1,1,1,
33,lahtee ,42,1,1,1,1,
34,elaa ,42,1,1,1,1,
35,istuu ,42,1,1,1,1,
36,juoksee ,42,1,1,1,1,
37,kuorsaa ,42,1,1,1,1,
38,lahtee lahtee ,42,1,1,1,1,
39,istuu Pekka ,42,1,1,1,1,
40,lahtee Pekka ,42,1,1,1,1,
41,elaa Pekka ,42,1,1,1,1,
42,juoksee Pekka ,42,1,1,1,1,
43,kuorsaa Pekka ,42,1,1,1,1,
44,nukkui Pekka ,42,1,1,1,1,
45,sleeps ,42,1,1,1,1,
46,leaves ,42,1,1,1,1,
47,John sleeps Mary ,42,1,1,1,1,
48,John John sleeps ,42,1,1,1,1,
49,lui dorme Luisa ,42,1,1,1,1,
50,Pekka ihailee Merjaa ,42,1,1,2,0,7696,16,32,16,4,0,0,4,4,6,44,17,0,0,30,46,2,56,0,0,47,6,2565,74,11,130,187
51,Pekka loysi Merjan ,42,1,1,2,0,7776,16,32,16,3,0,0,3,5,7,50,17,0,0,31,46,2,59,0,0,48,6,2592,94,11,182,156
52,Pekka teki sen kellon_N ,42,1,1,2,0,6896,16,32,9,3,0,0,3,6,8,67,17,0,0,13,53,2,72,0,0,30,9,1724,130,4,302,187
53,Pekka etsii Merjaa ,42,1,1,2,0,7546,16,32,16,4,0,0,4,4,6,44,17,0,0,30,46,2,56,0,0,47,6,2515,74,11,130,140
54,Pekka haluaa Merjaa ,42,1,1,2,0,8209,19,36,23,4,0,0,4,7,9,52,18,0,0,30,55,2,67,0,0,48,6,2736,93,12,159,171
55,Pekka hairitsee Merjaa ,42,1,1,2,0,7686,16,32,16,4,0,0,4,4,6,44,17,0,0,29,46,2,56,0,0,46,6,2562,74,11,130,140
56,Pekka lukee kirjaa ,42,1,1,2,0,5546,16,32,16,4,0,0,4,4,6,44,17,0,0,10,46,2,56,0,0,27,6,1848,74,11,130,156
57,Pekka pelkaa Merjaa ,42,1,1,2,0,7671,16,32,16,4,0,0,4,4,6,44,17,0,0,30,46,2,56,0,0,47,6,2557,74,11,130,156
58,Pekka pesi Merjaa ,42,1,1,2,0,10721,26,48,24,5,0,0,5,4,6,67,24,0,0,42,73,2,85,0,0,66,8,3573,111,16,195,218
59,Pekka saavuttaa Merjaa ,42,1,1,2,0,7846,16,32,16,4,0,0,4,4,6,44,17,0,0,30,46,2,56,0,0,47,6,2615,74,11,130,140
60,Pekka teki kirjan ,42,1,1,2,0,6194,19,36,23,4,0,0,4,8,10,58,18,0,0,10,55,2,70,0,0,28,6,2064,114,12,211,187
61,Pekka tonaisi Merjaa ,42,1,1,2,0,7746,16,32,16,4,0,0,4,4,6,44,17,0,0,30,46,2,56,0,0,47,6,2582,74,11,130,156
62,John admires Mary ,42,1,1,2,0,7304,19,36,23,0,0,0,0,6,8,48,18,0,4,26,55,2,63,0,0,44,6,2434,56,12,4,171
63,John likes Mary ,42,1,1,2,0,7324,19,36,23,0,0,0,0,6,8,48,18,0,4,28,55,2,63,0,0,46,6,2441,56,12,4,171
64,John persuades Mary ,42,1,1,2,0,7454,19,36,23,0,0,0,0,6,8,48,18,0,4,26,55,2,63,0,0,44,6,2484,56,12,4,187
65,Giuseppe spinge Luisa ,42,1,1,2,0,7779,19,36,23,0,0,0,0,6,8,48,18,0,4,26,55,2,63,0,0,44,6,2593,56,12,4,171
66,lavano Luisa ,42,1,1,2,0,1551,1,5,5,0,0,0,0,2,4,4,5,0,0,6,4,2,6,0,0,11,2,775,7,3,0,15
67,loro lavano Luisa ,42,1,1,2,0,7259,19,36,23,0,0,0,0,6,8,48,18,0,4,24,55,2,63,0,0,42,6,2419,56,12,4,156
68,Pekka ihailee ,42,1,1,2,1,
69,Pekka loysi ,42,1,1,2,1,
70,Pekka teki ,42,1,1,2,1,
71,Pekka etsii ,42,1,1,2,1,
72,Pekka haluaa ,42,1,1,2,1,
73,Pekka hairitsee ,42,1,1,2,1,
74,Pekka pelkaa ,42,1,1,2,1,
75,Pekka pesi ,42,1,1,2,1,
76,Pekka saavuttaa ,42,1,1,2,1,
77,Pekka teki ,42,1,1,2,1,
78,Pekka tonaisi ,42,1,1,2,1,
79,ihailee ,42,1,1,2,1,
80,loysi ,42,1,1,2,1,
81,teki ,42,1,1,2,1,
82,etsii ,42,1,1,2,1,
83,haluaa ,42,1,1,2,1,
84,hairitsee ,42,1,1,2,1,
85,pelkaa ,42,1,1,2,1,
86,pesi ,42,1,1,2,1,
87,saavuttaa ,42,1,1,2,1,
88,ihailee ihailee ,42,1,1,2,1,
89,Pekka ihailee Merjaa Merjaa Merjaa ,42,1,1,2,1,
90,Pekka Pekka ihailee Merjaa ,42,1,1,2,1,
91,Pekka Pekka ihailee Merjaa Merjaa Merjaa ,42,1,1,2,1,
92,mina haluan ,42,1,1,2,1,
93,Pekka haluaa Merjalle ,42,1,1,2,1,
94,John admires ,42,1,1,2,1,
95,John admires Mary Mary ,42,1,1,2,1,
96,admires ,42,1,1,2,1,
97,admires Mary ,42,1,1,2,1,
98,Pekka antoi kirjan Merjalle ,42,1,1,3,0,59818,273,451,254,29,0,0,29,12,15,760,179,0,79,11,752,3,845,0,0,190,23,14954,1417,156,2741,3531
99,John gave the key to Mary ,42,1,1,3,0,116947,507,762,231,0,0,0,0,18,21,1337,256,0,266,280,1404,3,1537,0,0,536,57,19491,883,167,682,5875
100,antoi kirjan Merjalle ,42,1,1,3,1,
101,Pekka antoi antoi kirjan Merjalle ,42,1,1,3,1,
102,John gave the key to ,42,1,1,3,1,
103,John gave the to Mary ,42,1,1,3,1,
104,John gave the to ,42,1,1,3,1,
105,John gave the ,42,1,1,3,1,
106,John gave to ,42,1,1,3,1,
107,mina en lahde ,42,1,2,1,0,2054,4,9,4,2,0,0,2,7,8,14,6,0,1,6,13,1,20,0,0,12,3,684,27,3,31,31
108,sina et lahde ,42,1,2,1,0,2054,4,9,4,2,0,0,2,7,8,14,6,0,1,6,13,1,20,0,0,12,3,684,27,3,31,46
109,Pekka ei lahde ,42,1,2,1,0,2104,4,9,4,2,0,0,2,7,8,14,6,0,1,6,13,1,20,0,0,12,3,701,27,3,31,31
110,me emme lahde ,42,1,2,1,0,2004,4,9,4,2,0,0,2,7,8,14,6,0,1,6,13,1,20,0,0,12,3,668,27,3,31,46
111,te ette lahde ,42,1,2,1,0,2004,4,9,4,2,0,0,2,7,8,14,6,0,1,6,13,1,20,0,0,12,3,668,27,3,31,31
112,he_FI eivat lahde ,42,1,2,1,0,2179,4,9,4,2,0,0,2,7,8,14,6,0,1,6,13,1,20,0,0,12,3,726,27,3,31,31
113,Pekka ei ihaile Merjaa ,42,1,2,1,0,23448,68,116,55,9,0,0,9,18,20,173,49,0,1,78,200,2,223,0,0,127,15,5862,366,34,689,640
114,Pekka ei myynyt omaisuuttaan ,42,1,2,1,0,21203,68,116,55,9,0,0,9,18,20,173,49,0,1,21,200,2,223,0,0,70,15,5300,366,34,689,656
115,John does sleep ,42,1,2,1,0,1221,1,4,2,0,0,0,0,2,3,5,4,0,0,5,4,1,8,0,0,9,1,407,8,1,0,0
116,John does not sleep ,42,1,2,1,0,1854,4,9,2,0,0,0,0,4,6,14,6,0,1,5,13,2,18,0,0,11,1,463,18,1,1,31
117,John does not admire' Mary ,42,1,2,1,0,27757,107,168,67,0,0,0,0,27,30,258,62,0,25,75,298,3,327,0,0,137,17,5551,240,43,32,1000
118,loro hanno lavato Luisa ,42,1,2,1,0,44896,151,250,143,0,0,0,0,39,42,362,100,0,34,128,437,3,474,0,0,228,28,11224,358,72,32,1703
119,io ho lavato Luisa ,42,1,2,1,0,44831,151,250,143,0,0,0,0,39,42,362,100,0,34,129,437,3,474,0,0,229,28,11207,358,72,32,1750
120,loro hanno voluto lavare Luisa ,42,1,2,1,0,744034,2759,4378,2409,0,0,0,0,519,524,6524,1620,400,666,1968,7669,5,8260,0,0,3588,420,148806,5824,1200,586,37265
121,loro stanno lavando Luisa ,42,1,2,1,0,44106,151,250,143,0,0,0,0,38,41,362,100,26,34,124,418,3,455,0,0,224,28,11026,336,72,32,1562
122,sina en lahde ,42,1,2,1,1,
123,sina lahde et ,42,1,2,1,1,
124,Pekka ihaile ei Merjaa ,42,1,2,1,1,
125,John not does sleep ,42,1,2,1,1,
126,Pekan_gen lahtea ,42,1,2,1,2,
127,Pekka ihaile Merjaa ,42,1,2,1,2,
128,etta Merja lahtee ,42,1,2,1,2,
129,Pekan_gen taytyy nukkua ,42,1,2,2,0,3644,9,18,10,0,0,0,0,5,9,22,10,4,0,6,29,4,33,0,0,16,4,1214,31,6,16,78
130,Pekan_gen taytyy ihailla Merjaa ,42,1,2,2,0,48102,147,245,130,14,0,0,14,14,19,370,99,22,1,150,437,5,473,0,0,249,28,12025,603,71,995,1546
131,Pekan_gen taytyy myyda omaisuuttaan ,42,1,2,2,0,42977,147,245,130,14,0,0,14,14,19,370,99,22,1,30,437,5,473,0,0,129,28,10744,603,71,995,1531
132,John must sleep ,42,1,2,2,0,1221,1,4,2,0,0,0,0,2,3,5,4,0,0,5,4,1,8,0,0,9,1,407,8,1,0,0
133,John must admire' Mary ,42,1,2,2,0,9792,32,54,24,0,0,0,0,9,11,79,23,0,7,30,92,2,103,0,0,53,7,2448,74,15,7,250
134,loro devono lavare Luisa ,42,1,2,2,0,44081,151,250,143,0,0,0,0,38,41,362,100,26,34,124,418,3,455,0,0,224,28,11020,336,72,32,1421
135,Pekka taytyy nukkua ,42,1,2,2,1,
136,taytyy Pekan nukkua ,42,1,2,2,1,
137,John does must sleep ,42,1,2,2,1,
138,John must Mary admire' John ,42,1,2,2,1,
139,John must to_inf sleep ,42,1,2,2,1,
140,Pekan_gen ei taydy ihailla Merjaa ,42,1,2,2,0,181329,604,959,484,51,0,0,51,95,101,1538,356,81,40,522,1838,6,1974,0,0,878,94,36265,2531,262,4441,6859
141,Pekan_gen ei taydy myyda omaisuuttaan ,42,1,2,2,0,164554,604,959,484,51,0,0,51,95,101,1538,356,81,40,92,1838,6,1974,0,0,448,94,32910,2531,262,4441,6625
142,Pekka ei taydy ihailla Merjaa ,42,1,2,2,1,
143,Pekka en taydy ihailla Merjaa ,42,1,2,2,1,
144,Pekan_gen ei taytyy ihailla Merjaa ,42,1,2,2,1,
145,Pekka on' nukkunut ,42,1,2,3,0,3904,9,18,10,3,0,0,3,9,11,25,10,0,0,8,27,2,35,0,0,18,4,1301,40,6,43,78
146,Pekka on' ihaillut Merjaa ,42,1,2,3,0,47874,144,241,126,17,0,0,17,38,41,362,98,0,1,152,427,3,467,0,0,250,28,11968,674,70,1286,1609
147,John does sleep ,42,1,2,3,0,1221,1,4,2,0,0,0,0,2,3,5,4,0,0,5,4,1,8,0,0,9,1,407,8,1,0,15
148,John does ,42,1,2,3,1,
149,John wants to_inf leave ,42,1,3,1,0,5554,19,36,15,0,0,0,0,6,10,56,18,8,4,6,55,4,59,0,0,24,2,1388,56,4,4,171
150,John wants Mary to_inf leave ,42,1,3,1,0,28589,124,207,45,0,0,0,0,6,10,358,84,46,41,26,334,4,356,0,0,110,6,5717,275,12,40,1234
151,John wants to_inf leave Mary ,42,1,3,1,0,41427,167,260,101,0,0,0,0,16,20,420,94,56,60,106,447,4,488,0,0,200,22,8285,324,60,53,1703
152,io detesto lavare Luisa ,42,1,3,1,0,87138,303,500,296,0,0,0,0,65,69,724,198,52,68,245,828,4,897,0,0,443,54,21784,669,144,64,3312
153,io detesto Giuseppe lavare Luisa ,42,1,3,1,1,
154,John wants leave ,42,1,3,1,1,
155,John wants to_inf ,42,1,3,1,1,
156,John wants Mary leave ,42,1,3,1,1,
157,John wants leave Mary ,42,1,3,1,1,
158,John tries to_inf leave ,42,1,3,2,0,3249,9,18,6,0,0,0,0,5,7,28,10,4,2,6,27,2,31,0,0,16,2,812,29,2,2,78
159,John tries Mary to_inf leave ,42,1,3,2,1,
160,John tries leave ,42,1,3,2,1,
161,Pekka haluaa lahtea ,42,1,3,3,0,5939,19,36,23,4,0,0,4,6,9,48,18,8,0,6,55,3,63,0,0,24,6,1979,69,12,60,171
162,Pekka kaskee Merjan_gen lahtea ,42,1,3,3,0,32266,131,216,106,7,0,0,7,16,19,309,86,48,18,30,353,3,389,0,0,116,26,8066,401,60,427,1234
163,Pekka halusi ihailla Merjaa ,42,1,3,3,0,93681,296,491,274,32,0,0,32,17,21,737,196,47,3,294,833,4,905,0,0,490,54,23420,1277,142,2379,3390
164,Pekka kaskee poikien ihailla Merjaa ,42,1,3,3,0,711605,2455,3880,2096,279,0,0,279,170,174,6117,1426,348,157,2090,6859,4,7447,0,0,3516,370,142321,10848,1056,20744,32484
165,Pekka kaskee poikien myyda omaisuuttaan ,42,1,3,3,0,645105,2455,3880,2096,279,0,0,279,170,174,6117,1426,348,157,370,6859,4,7447,0,0,1796,370,129021,10848,1056,20744,31468
166,Pekka ei halua ihailla Merjaa ,42,1,3,3,0,403327,1367,2174,1146,145,0,0,145,133,137,3415,808,193,47,1182,3951,4,4274,0,0,1990,211,80665,7460,597,14124,17062
167,Pekka ei halua myyda omaisuuttaan ,42,1,3,3,0,364802,1367,2174,1146,145,0,0,145,133,137,3415,808,193,47,202,3951,4,4274,0,0,1010,211,72960,7460,597,14124,16484
168,Pekka haluaa Merjan_gen lahtea ,42,1,3,3,1,
169,Pekka haluaa heidan lahtea ,42,1,3,3,1,
170,Pekka haluaa ,42,1,3,3,1,
171,Pekka haluaa Merjaa lahtea ,42,1,3,3,1,
172,Pekan_gen taytyy ihailla Merjaa ,42,1,3,4,0,48102,147,245,130,14,0,0,14,14,19,370,99,22,1,150,437,5,473,0,0,249,28,12025,603,71,995,1531
173,Pekan_gen taytyy myyda omaisuuttaan ,42,1,3,4,0,42977,147,245,130,14,0,0,14,14,19,370,99,22,1,30,437,5,473,0,0,129,28,10744,603,71,995,1546
174,Pekan_gen ei taydy ihailla Merjaa ,42,1,3,4,0,181329,604,959,484,51,0,0,51,95,101,1538,356,81,40,522,1838,6,1974,0,0,878,94,36265,2531,262,4441,6781
175,Pekan_gen ei taydy myyda omaisuuttaan ,42,1,3,4,0,164554,604,959,484,51,0,0,51,95,101,1538,356,81,40,92,1838,6,1974,0,0,448,94,32910,2531,262,4441,6765
176,Pekka taytyy ihailla Merjaa ,42,1,3,4,1,
177,Pekka sanoo Merjan_gen lahtevan ,42,1,3,5,0,33651,131,216,106,7,0,0,7,79,82,299,86,0,33,30,351,3,384,0,0,116,26,8412,401,60,409,1296
178,Pekka halusi heidan lahtevan ,42,1,3,5,0,32886,131,216,106,7,0,0,7,79,82,299,86,0,33,26,351,3,384,0,0,112,26,8221,401,60,409,1343
179,Pekka sanoo lahtevansa ,42,1,3,5,0,7064,19,36,23,4,0,0,4,14,18,48,18,0,0,10,55,4,63,0,0,28,6,2354,69,12,60,187
180,Pekka sanoo ihailevansa Merjaa ,42,1,3,5,0,96543,303,500,296,36,0,0,36,87,92,756,198,0,4,298,853,5,929,0,0,496,54,24135,1338,144,2447,3703
181,Pekka sanoo Merjan_gen lahtevan ,42,1,3,5,0,33651,131,216,106,7,0,0,7,79,82,299,86,0,33,30,351,3,384,0,0,116,26,8412,401,60,409,1265
182,mina sanon lahtevani ,42,1,3,5,0,6894,19,36,23,4,0,0,4,14,17,48,18,0,0,10,55,3,63,0,0,28,6,2298,69,12,60,203
183,mina sanon lahtevansa ,42,1,3,5,1,
184,Pekka sanoo ihailevansa ,42,1,3,5,1,
185,Pekka halusi Merja lahtevan ,42,1,3,5,1,
186,se' talo ,42,1,4,1,0,
187,se' pieni talo ,42,1,4,1,0,
188,se' pieni punainen talo ,42,1,4,1,0,
189,se' punainen pieni talo ,42,1,4,1,0,
190,the little key ,42,1,4,1,0,933,3,7,3,0,0,0,0,0,0,10,5,0,0,0,6,0,9,0,0,5,1,311,9,1,4,15
191,the little red key ,42,1,4,1,0,3583,23,41,17,0,0,0,0,0,0,60,19,0,0,0,32,0,39,0,0,19,3,895,53,5,48,62
192,pieni talo se ,42,1,4,1,1,
193,se talo pieni ,42,1,4,1,1,
194,talo pieni se ,42,1,4,1,1,
195,talo se pieni ,42,1,4,1,1,
196,the key little ,42,1,4,1,1,
197,the key red little ,42,1,4,1,1,
198,Pekka teki sopimuksen ihailla Merjaa ,42,1,4,2,0,712555,2455,3880,2184,287,0,0,287,142,147,6107,1426,348,127,2086,6901,5,7471,0,0,3512,370,142511,11987,1056,23420,33921
199,Pekka teki sopimuksen antaa avaimen Merjalle ,42,1,4,2,0,10879699,54589,84632,48690,4793,0,0,4793,1549,1555,150237,30044,1001,16603,414,149997,6,166918,0,0,30458,2826,1813283,328768,27218,653174,981828
200,se sopimus ihailla Merjaa peruuntui ,42,1,4,2,0,155631,551,869,357,0,0,0,0,289,294,1213,319,18,134,151,1527,5,1606,0,0,470,90,31126,1810,228,1803,5218
201,lahella_1 Pekkaa ,42,1,5,1,0,1116,1,3,1,0,0,0,0,0,1,4,3,0,0,5,1,1,2,0,0,8,1,558,3,1,4,0
202,Pekkaa lahella_1 ,42,1,5,1,0,1105,0,2,2,0,0,0,0,0,1,2,3,0,0,5,0,1,3,0,0,8,1,552,6,1,6,15
203,Merja nukkui Pekan_gen lahella_2 ,42,1,5,1,0,9103,23,42,22,3,0,0,3,15,16,74,20,0,11,17,66,1,87,0,0,37,4,2275,107,6,117,234
204,Merja nukkui lahella_1 Pekkaa ,42,1,5,1,0,7168,18,33,10,3,0,0,3,3,5,54,16,0,5,22,52,2,61,0,0,38,5,1792,78,9,157,171
205,Merja nukkui lahella Pekan_gen ,42,1,5,1,1,
206,Pekka sanoi etta Merja lahtee ,42,1,6,1,0,109226,431,672,308,69,0,0,69,239,242,1053,242,0,41,110,1335,3,1467,0,0,352,66,21845,1846,172,2881,5125
207,Pekka sanoi etta Merja ihailee Pekkaa ,42,1,6,1,0,2519364,9219,14216,7786,1455,0,0,1455,2101,2105,23315,4998,0,921,6050,27925,4,30437,0,0,11048,1254,419894,43664,3740,89462,148546
208,Pekka sanoi etta Merja antoi kirjan Merjalle ,42,1,6,1,0,44986381,220776,337894,197798,27067,0,0,27067,19537,19542,630074,117119,0,73028,1446,645953,5,718617,0,0,118565,10456,6426625,1352373,106659,2751636,4473000
209,Pekka sanoo etta haluaa ihailla Merjaa ,42,1,6,1,0,6275421,22111,34300,19486,2666,0,0,2666,1863,1870,55046,12190,2852,2080,17486,64602,7,69796,0,0,29676,3070,1045903,96670,9116,186327,385281
210,Pekka sanoo etta haluaa myyda omaisuuttaan ,42,1,6,1,0,5736921,22111,34300,19486,2666,0,0,2666,1863,1870,55046,12190,2852,2080,2926,64602,7,69796,0,0,15116,3070,956153,96670,9116,186327,352843
211,Pekka sanoo etta Pekka ei lahde ,42,1,6,1,0,286620,1335,2008,706,206,0,0,206,1218,1221,3201,674,0,176,102,4225,3,4519,0,0,776,214,47770,4874,456,6790,17031
212,Pekka sanoo etta mina en lahde ,42,1,6,1,0,285920,1335,2008,706,206,0,0,206,1218,1221,3201,674,0,176,102,4225,3,4519,0,0,776,214,47653,4874,456,6790,16984
213,Pekka sanoi etta Pekka ei ihaile Merjaa ,42,1,6,1,0,8974193,32383,48932,25524,4512,0,0,4512,9036,9040,82401,16550,0,4192,23286,99612,4,107903,0,0,39836,4078,1282027,159392,12468,332787,522984
214,Pekka sanoi etta Pekan_gen taytyy nukkua ,42,1,6,1,0,757262,3567,5428,2584,134,0,0,134,1073,1079,7787,1862,1188,329,102,11142,6,11337,0,0,1964,498,126210,10070,1360,10218,48140
215,John said that Mary sleeps ,42,1,6,1,0,52620,215,336,141,0,0,0,0,130,132,475,122,0,41,53,650,2,683,0,0,175,34,10524,541,86,19,2218
216,Pekka sanoi etta ,42,1,6,1,1,
217,Pekka sanoi etta Merja ,42,1,6,1,1,
218,Pekka sanoi Merja lahtee etta ,42,1,6,1,1,
219,etta ,42,1,6,1,1,
220,John said that ,42,1,6,1,1,
221,John said that Mary ,42,1,6,1,1,
222,Pekka sanoi Merja etta lahtee ,42,1,6,1,2,
223,se mies joka nukkui lahti ,42,1,7,1,0,72146,236,373,149,69,0,46,0,318,324,736,138,0,416,43,923,6,945,0,0,181,39,14429,553,97,336,3125
224,se mies joka nukkui ihailee Merjaa ,42,1,7,1,0,1483689,4824,7491,3716,341,0,146,131,1417,1425,14732,2668,0,3417,3865,15741,8,16866,0,0,6533,676,247281,18114,1988,35755,77343
225,se mies nukkui lahti ,42,1,7,1,1,
226,joka nukkui lahti ,42,1,7,1,1,
227,joka joka nukkui lahti ,42,1,7,1,1,
228,joka nukkui ,42,1,7,1,2,
229,jota Merja ihaili ,42,1,7,1,2,
230,se mies jota Merja ihaili lahti ,42,1,7,2,0,1509260,5205,8054,3835,1455,0,818,122,5773,5781,16160,2850,0,8922,748,20110,8,20483,0,0,3598,719,251543,13063,2129,9068,84281
231,se mies jota Merja ihailee ihailee Merjaa ,42,1,7,2,0,34087795,113245,173943,86007,7629,0,2813,3323,28356,28366,345342,60699,0,76227,87070,370730,10,397823,0,0,147769,15106,4869685,440429,45589,860533,2213250
232,se mies Merja ihaili lahti ,42,1,7,2,1,
233,se mies jota jota Merja ihaili lahti ,42,1,7,2,1,
234,John admires the bank ,42,1,8,1,0,7361,36,53,18,0,0,0,0,6,8,94,25,0,8,6,111,2,123,0,0,31,2,1840,81,4,8,281
235,lahella Pekkaa ,42,1,8,2,0,1973,3,6,2,0,0,0,0,2,3,8,6,0,0,10,3,1,4,0,0,16,2,986,6,2,8,15
236,Pekkaa lahella ,42,1,8,2,0,1161,1,3,4,0,0,0,0,1,2,4,4,0,0,5,1,1,6,0,0,9,1,580,12,1,12,15
237,John gave the key to Mary ,42,2,1,1,0,116947,507,762,231,0,0,0,0,18,21,1337,256,0,266,280,1404,3,1537,0,0,536,57,19491,883,167,682,5796
238,John moved the key from Mary to John ,42,2,1,1,0,3284879,14974,21826,6374,0,0,0,0,211,215,38916,6853,0,8208,7670,40248,4,43986,0,0,14523,1535,410609,24369,4778,23739,237250
239,John to Mary gave the key ,42,2,1,1,1,
240,John to Mary gave key the ,42,2,1,1,1,
241,John gave to Mary the key ,42,2,1,1,1,
242,to Mary John gave the key ,42,2,1,1,1,
243,to Mary John moved the key to John ,42,2,1,1,1,
244,the little key ,42,2,2,1,0,933,3,7,3,0,0,0,0,0,0,10,5,0,0,0,6,0,9,0,0,5,1,311,9,1,4,15
245,the little red key ,42,2,2,1,0,3583,23,41,17,0,0,0,0,0,0,60,19,0,0,0,32,0,39,0,0,19,3,895,53,5,48,62
246,se talo ,42,2,2,1,0,245,0,1,0,0,0,0,0,0,0,2,2,0,0,0,1,0,3,0,0,2,0,122,1,0,0,0
247,se pieni talo ,42,2,2,1,0,908,3,7,3,0,0,0,0,0,0,10,5,0,0,0,6,0,9,0,0,5,1,302,9,1,4,0
248,se pieni punainen talo ,42,2,2,1,0,4108,23,41,17,0,0,0,0,0,0,60,19,0,0,0,32,0,39,0,0,19,3,1027,56,5,45,62
249,se punainen pieni talo ,42,2,2,1,0,4108,23,41,17,0,0,0,0,0,0,60,19,0,0,0,32,0,39,0,0,19,3,1027,56,5,45,62
250,the key little ,42,2,2,1,1,
251,the key red little ,42,2,2,1,1,
252,pieni talo se ,42,2,2,1,1,
253,se talo pieni ,42,2,2,1,1,
254,talo pieni se ,42,2,2,1,1,
255,talo se pieni ,42,2,2,1,1,
256,Pekka naki Merjan_acc lahtemassa ,42,2,3,1,0,34376,131,216,106,7,0,0,7,25,29,395,86,0,13,30,349,4,392,0,0,116,26,8594,510,60,1222,1375
257,Pekka naki Merjan_acc lahtematta ,42,2,3,1,0,33344,124,207,91,4,0,0,4,20,24,387,84,0,26,30,334,4,364,0,0,114,26,8336,619,58,1434,1312
258,Pekka naki Merjan_acc lahtemalla ,42,2,3,1,0,33344,124,207,91,4,0,0,4,20,24,387,84,0,26,30,334,4,364,0,0,114,26,8336,619,58,1434,1343
259,Pekka naki Merjan_acc ihailemassa Jukkaa ,42,2,3,1,0,716775,2455,3880,2096,369,0,0,369,163,168,6531,1426,0,151,2094,6877,5,7495,0,0,3520,370,143355,12652,1056,26347,34968
260,Pekka elaa ihailemalla Merjaa ,42,2,3,1,0,31965,95,162,89,6,0,0,6,12,15,255,68,0,10,102,266,3,292,0,0,170,20,7991,420,48,866,937
261,Pekka elaa haluamalla ihailla Merjaa ,42,2,3,1,0,492928,1683,2690,1472,152,0,0,152,72,77,4191,1008,252,61,1470,4665,5,5027,0,0,2478,264,98585,7290,744,14406,21328
262,Pekka naki lahtemassa ,42,2,3,1,1,
263,Pekka naki Merjan_gen lahtemassa ,42,2,3,1,1,
264,Pekka naki heidan lahtemassa ,42,2,3,1,1,
265,Pekka naki heidan ihailemassa ,42,2,3,1,1,
266,Pekka naki Merjan_acc lahtiessa ,42,2,3,2,0,33084,124,207,91,4,0,0,4,20,24,381,84,54,26,30,334,4,364,0,0,114,26,8271,605,58,1376,1343
267,Pekka naki Merjan_acc lahtiessaan ,42,2,3,2,0,38784,124,207,91,4,0,0,4,20,24,381,84,54,26,50,334,4,364,0,0,134,26,9696,605,58,1382,1406
268,Pekka naki avaimen_acc Merjan_gen lahtiessa ,42,2,3,2,0,217385,930,1461,559,4,0,0,4,52,56,2857,532,389,228,130,2454,4,2644,0,0,662,151,43477,3555,381,8694,11671
269,Pekka naki Merjan_gen lahtiessa ,42,2,3,2,1,
270,Pekka naki heidan lahtiessa ,42,2,3,2,1,
271,Pekka naki lahtiessa ,42,2,3,2,1,
272,Pekka naki Merjan_acc lahdettyaan ,42,2,3,3,0,38834,124,207,91,4,0,0,4,110,113,387,84,0,20,50,334,3,364,0,0,134,26,9708,617,58,1438,1656
273,Pekka lahtee Merjan_gen lahdettya ,42,2,3,3,0,13007,42,73,29,1,0,0,1,40,42,132,32,0,10,18,112,2,127,0,0,50,11,3251,133,21,322,421
274,Pekka lahtee heidan lahdettya ,42,2,3,3,0,12587,42,73,29,1,0,0,1,40,42,132,32,0,10,16,112,2,127,0,0,48,11,3146,133,21,322,406
275,Pekka lahtee heidan ihailtua Merjaa ,42,2,3,3,0,226995,765,1221,618,53,0,0,53,201,204,2040,457,0,52,676,2124,3,2313,0,0,1133,121,45399,3536,336,7601,10328
276,Pekka nakee Merjan_acc lahdettya ,42,2,3,3,1,
277,Pekka lahtee heidan ihailtua ,42,2,3,3,1,
278,Pekka lahtee juosten ,42,2,3,4,0,3076,6,14,6,1,0,0,1,4,6,21,9,0,0,6,17,2,23,0,0,15,4,1025,26,5,53,46
279,Pekka lahtee Merjan_gen juosten ,42,2,3,4,1,
280,keta Pekka ihailee ,42,3,1,1,0,6968,23,42,25,7,0,2,3,12,14,54,20,0,1,9,67,2,78,0,0,29,4,2322,81,16,69,203
281,kuka ihailee Merjaa ,42,3,1,1,0,7661,16,32,16,4,0,2,2,3,5,42,17,0,0,31,46,2,54,0,0,48,6,2553,63,11,93,140
282,kuka ei ihaile Merjaa ,42,3,1,1,0,23458,68,116,55,8,0,2,6,16,19,172,49,0,0,79,203,3,222,0,0,128,15,5864,235,34,379,625
283,keta Pekka ei ihaile ,42,3,1,1,0,17298,73,120,61,13,0,5,5,56,58,162,48,0,8,9,221,2,236,0,0,57,8,4324,222,40,185,656
284,kenen taytyy ihailla Merjaa ,42,3,1,1,0,47009,144,241,126,19,0,4,13,7,12,361,98,21,1,147,426,5,461,0,0,245,28,11752,510,70,799,1578
285,keta Pekan_gen taytyy ihailla ,42,3,1,1,0,38961,171,280,167,32,0,19,0,32,37,357,110,66,6,9,521,5,529,0,0,119,14,9740,432,96,207,1750
286,kuka antoi kirjan Merjalle ,42,3,1,1,0,59763,273,451,254,29,0,2,27,9,12,758,179,0,79,12,752,3,843,0,0,191,23,14940,1284,156,2256,3421
287,kenen ei taydy ihailla Merjaa ,42,3,1,1,0,180466,601,955,480,108,0,37,52,95,101,1528,355,80,39,519,1827,6,1961,0,0,874,94,36093,2318,261,3932,6984
288,keta Pekan_gen ei taydy ihailla ,42,3,1,1,0,125693,593,930,521,96,0,56,0,156,162,1225,338,216,59,9,1809,6,1819,0,0,347,36,25138,1410,302,700,6250
289,kuka kaskee Merjan_gen lahtea ,42,3,1,1,0,32111,131,216,106,21,0,13,0,15,18,302,86,48,18,31,353,3,382,0,0,117,26,8027,346,60,217,1265
290,kuka halusi ihailla Merjaa ,42,3,1,1,0,93636,296,491,274,38,0,8,27,12,16,735,196,47,3,295,836,4,903,0,0,491,54,23409,1105,142,1826,3406
291,kuka sanoo Merjan_gen lahtevan ,42,3,1,1,0,33556,131,216,106,21,0,13,0,84,87,292,86,0,33,31,351,3,377,0,0,117,26,8389,346,60,202,1312
292,kuka sanoo lahtevansa ,42,3,1,1,0,6999,19,36,23,8,0,6,0,15,19,44,18,0,0,11,55,4,59,0,0,29,6,2333,57,12,24,171
293,kuka teki sopimuksen ihailla Merjaa ,42,3,1,1,0,712425,2455,3880,2184,333,0,66,248,117,122,6100,1426,348,127,2087,6933,5,7464,0,0,3513,370,142485,10348,1056,18388,33609
294,kuka nukkui lahella_1 Pekkaa ,42,3,1,1,0,7043,18,33,10,3,0,1,2,1,3,53,16,0,5,22,52,2,60,0,0,38,5,1760,65,9,114,187
295,kuka sanoi etta Merja lahtee ,42,3,1,1,0,108381,431,672,308,98,0,43,35,254,257,1020,242,0,40,111,1331,3,1434,0,0,353,66,21676,1633,172,2120,5343
296,kuka sanoi etta Merja ihailee Pekkaa ,42,3,1,1,0,2513364,9219,14216,7786,1552,0,354,1151,2026,2030,23122,4998,0,920,6051,28017,4,30244,0,0,11049,1254,418894,38274,3740,70620,147859
297,kuka naki Merjan_acc lahtemassa ,42,3,1,1,0,34251,131,216,106,9,0,9,0,22,26,390,86,0,13,31,351,4,387,0,0,117,26,8562,419,60,938,1421
298,who wants to_inf leave ,42,3,1,1,0,5489,19,36,15,4,0,4,0,5,9,56,18,8,4,6,55,4,59,0,0,24,2,1372,55,4,8,171
299,who admires John ,42,3,1,1,0,7239,19,36,23,4,0,4,0,5,7,48,18,0,4,26,55,2,63,0,0,44,6,2413,55,12,8,171
300,who does John admire' ,42,3,1,1,0,8657,32,54,21,4,0,2,0,8,10,73,23,0,8,10,92,2,101,0,0,33,7,2164,62,15,2,281
301,who does_C John admire' ,42,3,1,1,0,17035,65,108,49,4,0,2,0,25,27,146,44,0,16,16,187,2,201,0,0,60,14,4258,143,30,4,609
302,admires who John ,42,3,1,1,1,
303,admires John who ,42,3,1,1,1,
304,John who admires ,42,3,1,1,1,
305,Pekka ihailee keta ,42,3,1,1,1,
306,ihailee keta Pekka ,42,3,1,1,1,
307,ihailee Pekka keta ,42,3,1,1,1,
308,kenen Pekka kaskee lahtea ,42,3,1,1,2,
309,kenen Pekka sanoo lahtevan ,42,3,1,1,2,
310,keta Pekka halusi ihailla ,42,3,1,1,2,
311,Pekka keta ihailee ,42,3,1,1,2,
312,towards which city does_C Seine flow' ,42,3,2,1,0,26349,109,182,80,10,0,4,3,65,68,292,74,0,40,9,337,3,386,0,0,83,9,4391,417,19,551,1234
313,mita kaupunkia kohti Seine virtaa ,42,3,2,1,0,3734,9,19,7,5,0,3,1,6,9,26,11,0,1,5,27,3,34,0,0,16,5,746,40,5,48,93
314,mita kaupunkia kohti virtaamalla Seine saavuttaa meren ,42,3,2,1,0,174445,765,1222,616,73,0,37,24,191,197,2255,458,0,61,121,2330,6,2675,0,0,579,122,24920,4176,335,8460,12484
315,which city towards does_C Seine flow' ,42,3,2,1,1,
316,kohti mita kaupunkia Seine virtaa ,42,3,2,1,1,
317,Seine virtaa kohti mita kaupunkia ,42,3,2,1,1,
318,Seine virtaa mita kaupunkia kohti ,42,3,2,1,1,
319,John moved the key from Mary to John ,42,3,3,1,0,3284879,14974,21826,6374,0,0,0,0,211,215,38916,6853,0,8208,7670,40248,4,43986,0,0,14523,1535,410609,24369,4778,23739,241921
320,Seine saavuttaa meren virtaamalla kohti Pariisia ,42,3,3,1,0,655880,2855,4317,1455,647,0,0,647,193,199,8136,1463,0,510,329,7889,6,8547,0,0,1792,349,109313,19501,989,43546,44031
321,se' sopimus ostaa auto raukesi ,42,3,3,1,0,
322,se' Merjan_gen kello havisi ,42,3,3,1,0,
323,Pekka naki Merjan_acc ihailemassa Jukkaa ,42,3,3,1,0,716775,2455,3880,2096,369,0,0,369,163,168,6531,1426,0,151,2094,6877,5,7495,0,0,3520,370,143355,12652,1056,26347,36281
324,mita kaupunkia Seine saavuttaa meren virtaamalla kohti ,42,3,3,1,1,
325,mika se' sopimus ostaa raukesi ,42,3,3,1,1,
326,kenen se' kello havisi ,42,3,3,1,1,
327,keta Pekka naki Merjan_acc ihailemassa ,42,3,3,1,1,
328,who does John say' that Mary admires ,42,3,3,2,0,1696229,8169,12307,5987,1122,0,718,0,3779,3782,16813,4139,0,1245,481,24536,3,24856,0,0,4620,341,242318,18116,3780,1314,118656
329,John asks whether Mary admires John ,42,3,3,2,0,2330964,9219,14216,7786,253,0,122,0,1585,1589,21661,4998,0,2757,6042,26773,4,28783,0,0,11040,1254,388494,19601,3740,2364,143906
330,who does John ask- whether Mary admires ,42,3,3,2,1,
331,who does John ask- what admires ,42,3,3,2,2,
332,Pekka teki sopimuksen ostaa auton ,42,3,3,3,0,513560,2455,3880,2184,65,0,0,65,149,154,7027,1426,348,115,366,6990,5,8025,0,0,1792,370,102712,15796,1056,32909,35812
333,Pekka teki sen Merjan_gen kellon_n ,42,3,3,3,0,93588,353,556,218,8,0,0,8,368,370,1193,204,0,187,95,983,2,1076,0,0,299,56,18717,2455,143,5391,4937
334,kenen Pekka teki sen kellon_N ,42,3,3,3,1,
335,minka Pekka teki sopimuksen ostaa ,42,3,3,3,1,
336,John said that Mary sleeps ,42,3,3,4,0,52620,215,336,141,0,0,0,0,130,132,475,122,0,41,53,650,2,683,0,0,175,34,10524,541,86,19,2328
337,who does John say' that sleeps ,42,3,3,4,1,
338,Pekka nukkuu ,42,4,1,1,0,1516,1,4,3,1,0,0,1,2,3,5,4,0,0,6,3,1,8,0,0,10,2,758,12,2,14,15
339,Merja nukkuu ,42,4,1,1,0,1626,1,4,3,1,0,0,1,2,3,5,4,0,0,7,3,1,8,0,0,11,2,813,12,2,14,15
340,Pekka ihailee Merjaa ,42,4,1,1,0,7696,16,32,16,4,0,0,4,4,6,44,17,0,0,30,46,2,56,0,0,47,6,2565,74,11,130,156
341,Pekka antoi kirjan Merjalle ,42,4,1,1,0,59818,273,451,254,29,0,0,29,12,15,760,179,0,79,11,752,3,845,0,0,190,23,14954,1417,156,2741,3546
342,Pekkaa nukkuu ,42,4,1,1,1,
343,Pekka ihailee Merja ,42,4,1,1,1,
344,Pekka antoi kirja Merjalle ,42,4,1,1,1,
345,Pekka antoi kirjan Merja ,42,4,1,1,1,
346,Pekka antoi kirja Merja ,42,4,1,1,1,
347,Merjan_gen nukkuu ,42,4,1,1,1,
348,Merjan_acc nukkuu ,42,4,1,1,1,
349,Merja_0acc nukkuu ,42,4,1,1,1,
350,Merjaa nukkuu ,42,4,1,1,1,
351,Merja ihailee Pekan_gen ,42,4,1,1,1,
352,Merja ihailee Pekan_acc ,42,4,1,1,1,
353,Merja ihailee Pekka_0acc ,42,4,1,1,1,
354,Pekka voitti Merjan ,42,4,2,1,0,7851,16,32,16,3,0,0,3,5,7,50,17,0,0,31,46,2,59,0,0,48,6,2617,94,11,182,156
355,Pekka voitti Merjaa ,42,4,2,1,0,7781,16,32,16,4,0,0,4,4,6,44,17,0,0,31,46,2,56,0,0,48,6,2593,74,11,130,156
356,Pekka tonaisi Merjaa ,42,4,2,1,0,7746,16,32,16,4,0,0,4,4,6,44,17,0,0,30,46,2,56,0,0,47,6,2582,74,11,130,156
357,Pekka pesi Merjan ,42,4,2,1,0,11429,29,52,31,4,0,0,4,8,10,85,25,0,0,42,82,2,101,0,0,67,8,3809,163,17,308,281
358,Pekka pesi Merjaa ,42,4,2,1,0,10721,26,48,24,5,0,0,5,4,6,67,24,0,0,42,73,2,85,0,0,66,8,3573,111,16,195,218
359,Pekka pesi hanet ,42,4,2,1,0,10684,29,52,31,4,0,0,4,7,9,79,25,0,0,36,82,2,98,0,0,61,8,3561,142,17,256,265
360,Pekka tonaisi Merjan ,42,4,2,1,1,
361,Pekka tonaisi Merja ,42,4,2,1,1,
362,Pekka tonaisi Merja_0acc ,42,4,2,1,1,
363,Pekka tonaisi hanet ,42,4,2,1,1,
364,Pekka ei voittanut Merjaa ,42,4,3,2,0,23903,68,116,55,9,0,0,9,18,20,173,49,0,1,81,200,2,223,0,0,130,15,5975,366,34,689,750
365,Pekka ei voittanut Merjan ,42,4,3,2,1,
366,Pekka ei voittanut Merja ,42,4,3,2,1,
367,Pekka ei voittanut Merja_0acc ,42,4,3,2,1,
368,Pekka ei voittanut Merjan_gen ,42,4,3,2,1,
369,me loysimme avaimen ,42,4,3,3,0,5801,16,32,16,3,0,0,3,5,7,50,17,0,0,11,46,2,59,0,0,28,6,1933,94,11,182,171
370,me loydettiin avain_0acc ,42,4,3,3,0,6206,16,32,16,4,0,0,4,4,6,44,17,0,0,11,46,2,56,0,0,28,6,2068,74,11,130,156
371,me loydettiin avaimen ,42,4,3,3,1,
372,me loysimme avain ,42,4,3,3,1,
373,me loysimme avain_0acc ,42,4,3,3,1,
374,Pekka halusi voittaa Merjan ,42,4,3,4,0,42421,131,216,118,10,0,0,10,20,23,385,86,40,4,126,373,3,437,0,0,212,26,10605,780,60,1582,1531
375,Pekka halusi tonaista Merjaa ,42,4,3,4,0,41961,131,216,118,7,0,0,7,17,20,335,86,40,4,126,371,3,410,0,0,212,26,10490,588,60,1130,1437
376,Pekka halusi pesta Merjan ,42,4,3,4,0,73425,240,382,200,10,0,0,10,24,27,688,150,74,7,228,673,3,783,0,0,378,43,18356,1341,107,2778,2750
377,Pekka halusi loytaa avaimen ,42,4,3,4,0,32621,131,216,118,10,0,0,10,20,23,385,86,40,4,26,373,3,437,0,0,112,26,8155,780,60,1582,1515
378,me haluttiin voittaa Merja_0acc ,42,4,3,4,0,43886,131,216,118,7,0,0,7,17,20,338,86,40,4,127,373,3,413,0,0,213,26,10971,600,60,1159,1500
379,me ei' haluttu voittaa Merjaa ,42,4,3,4,0,164073,563,885,428,18,0,0,18,92,95,1432,323,152,29,461,1640,3,1785,0,0,784,90,32814,3149,232,6126,6562
380,me halusimme voittaa Merjan ,42,4,3,4,0,42346,131,216,118,10,0,0,10,20,23,385,86,40,4,126,373,3,437,0,0,212,26,10586,780,60,1582,1593
381,me haluttiin voittaa Merjan ,42,4,3,4,1,
382,me halusimme voittaa Merja_0acc ,42,4,3,4,1,
383,me ei' haluttu voittaa Merja_0acc ,42,4,3,4,1,
384,me ei' haluttu voittaa Merjan ,42,4,3,4,1,
385,lahella_1 Pekkaa ,42,4,3,1,0,1116,1,3,1,0,0,0,0,0,1,4,3,0,0,5,1,1,2,0,0,8,1,558,3,1,4,15
386,Pekkaa lahella_1 ,42,4,3,1,0,1105,0,2,2,0,0,0,0,0,1,2,3,0,0,5,0,1,3,0,0,8,1,552,6,1,6,0
387,Merja nukkui Pekan_gen lahella_2 ,42,4,3,1,0,9103,23,42,22,3,0,0,3,15,16,74,20,0,11,17,66,1,87,0,0,37,4,2275,107,6,117,250
388,Merja nukkui lahella_1 Pekkaa ,42,4,3,1,0,7168,18,33,10,3,0,0,3,3,5,54,16,0,5,22,52,2,61,0,0,38,5,1792,78,9,157,187
389,Merja nukkui lahella Pekan_gen ,42,4,3,1,1,
390,Pekka kaski Merjan_gen lahtea ,42,4,4,1,0,32241,131,216,106,7,0,0,7,16,19,309,86,48,18,30,353,3,389,0,0,116,26,8060,401,60,427,1281
391,Pekka sanoi Merjan_gen lahtevan ,42,4,4,1,0,33651,131,216,106,7,0,0,7,79,82,299,86,0,33,30,351,3,384,0,0,116,26,8412,401,60,409,1375
392,Pekka halusi ihailla Merjaa ,42,4,4,1,0,93681,296,491,274,32,0,0,32,17,21,737,196,47,3,294,833,4,905,0,0,490,54,23420,1277,142,2379,3437
393,Pekka kaski Merja lahtea ,42,4,4,1,1,
394,Pekka kaski Merjaa lahtea ,42,4,4,1,1,
395,Pekka kaski hanet lahtea ,42,4,4,1,1,
396,Pekka sanoi Merja lahtevan ,42,4,4,1,1,
397,Pekka sanoi Merjaa lahtevan ,42,4,4,1,1,
398,Pekka sanoi hanet lahtevan ,42,4,4,1,1,
399,Pekka kaski lahtea Merjan_gen ,42,4,4,1,1,
400,Pekka sanoi lahtevan Merjan_gen ,42,4,4,1,1,
401,se Merjan_gen kello havisi ,42,4,5,1,0,11319,44,77,34,0,0,0,0,33,35,102,34,0,5,6,119,2,125,0,0,40,11,2829,108,21,45,328
402,se kello Merjan_gen havisi ,42,4,5,1,1,
403,ne kaksi_1 sukkaa havisi ,42,4,6,1,0,2366,6,13,3,1,0,0,1,5,8,20,8,0,2,1,20,3,23,0,0,9,3,591,22,3,30,31
404,ne kahdet sukat havisivat ,42,4,6,1,0,3186,6,13,3,1,0,0,1,5,7,20,8,0,2,6,19,2,23,0,0,14,4,796,25,3,38,46
405,ne kaksi_1 sukkaa havisivat ,42,4,6,1,0,2821,6,13,3,1,0,0,1,5,8,20,8,0,2,3,19,3,23,0,0,11,3,705,22,3,30,46
406,Pekka loysi ne kaksi_2 sukkaa ,42,4,6,1,0,17280,55,92,24,15,0,0,15,12,14,190,38,0,12,27,174,2,184,0,0,65,22,3456,242,4,516,562
407,Pekka sanoi niiden kahden sukan haviavan ,42,4,6,1,0,108456,516,775,246,16,0,0,16,222,226,1174,260,0,177,46,1370,4,1404,0,0,306,90,18076,1292,170,1543,5062
408,ne kaksi sukan havisi ,42,4,6,1,1,
409,ne kahdet sukkaa havisivat ,42,4,6,1,1,
410,ne kahdet sukka_0acc havisivat ,42,4,6,1,1,
411,ne kahdet sukka havisivat ,42,4,6,1,1,
412,Pekka sanoi niiden kaksi sukkaa haviavan ,42,4,6,1,1,
413,Pekka nukahti lukemalla kirjaa ,42,4,7,1,0,23500,95,162,89,6,0,0,6,12,16,255,68,0,10,21,266,4,292,0,0,89,20,5875,420,48,866,1015
414,Pekka nukahti lukemalla Merjan_gen ,42,4,7,1,1,
415,Pekka nukahti lukemalla Merja ,42,4,7,1,1,
416,Pekka nukahti lukemalla Merja_0acc ,42,4,7,1,1,
417,Pekka nukahti lukemalla Merjan_acc ,42,4,7,1,1,
418,Pekka nukkui#asp koko paivan ,42,4,8,1,0,3831,6,14,3,3,0,0,3,5,6,27,9,0,2,10,20,1,31,0,0,19,6,957,45,2,98,62
419,Pekka ei nukkunut koko paivaa ,42,4,8,1,0,11702,32,54,12,8,0,0,8,35,36,130,23,0,16,19,113,1,148,0,0,42,15,2340,265,3,584,359
420,me nukuttiin koko paiva ,42,4,8,1,0,6706,16,32,9,4,0,0,4,6,8,66,17,0,6,13,52,2,72,0,0,30,9,1676,102,4,235,203
421,Pekka ihailee#asp Merjaa koko paivan ,42,4,8,1,0,35795,105,177,36,13,0,0,13,12,14,413,73,0,3,70,330,2,455,0,0,143,46,7159,915,11,2312,1265
422,Pekka nukkui koko paivan ,42,4,8,1,1,
423,Pekka ei nukkunut koko paivan ,42,4,8,1,1,
424,me nukuttiin koko paivan ,42,4,8,1,1,
425,Pekka ihailee Merjaa koko paivan ,42,4,8,1,1,
426,Pekka ihailee#asp Merjaa koko paiva ,42,4,8,1,1,
427,Pekka ihailee#asp Merjaa koko paivaa ,42,4,8,1,1,
428,Pekka ihailee Merjaa koko paivaa ,42,4,8,1,1,
429,Merjaa pelottaa ,42,4,9,1,0,2308,3,8,6,1,0,0,1,3,6,9,6,0,0,7,9,3,14,0,0,13,2,1154,23,4,25,31
430,Pekka pelottaa ,42,4,9,1,1,
431,Merjan_gen pelottaa ,42,4,9,1,1,
432,Merjan_acc pelottaa ,42,4,9,1,1,
433,Merja_0acc pelottaa ,42,4,9,1,1,
434,Merjalle pelottaa ,42,4,9,1,1,
435,me loysimme avaimen ,42,4,9,2,0,5801,16,32,16,3,0,0,3,5,7,50,17,0,0,11,46,2,59,0,0,28,6,1933,94,11,182,171
436,me loydettiin avain_0acc ,42,4,9,2,0,6206,16,32,16,4,0,0,4,4,6,44,17,0,0,11,46,2,56,0,0,28,6,2068,74,11,130,156
437,avain_0acc loydettiin ,42,4,9,2,0,2093,3,8,6,1,0,0,1,3,6,9,6,0,0,3,9,3,14,0,0,9,2,1046,23,4,25,31
438,loydettiin avain_0acc ,42,4,9,2,0,1666,1,5,5,0,0,0,0,2,5,4,5,0,0,3,4,3,6,0,0,8,2,833,7,3,4,15
439,me loydettiin avaimen ,42,4,9,2,1,
440,me loysimme avain ,42,4,9,2,1,
441,Pekka on' Pekka ,42,4,9,3,0,4294,9,18,10,5,0,0,5,7,7,30,10,0,0,16,26,0,37,0,0,26,4,1431,60,6,110,78
442,Merjalla on' Pekka ,42,4,9,3,0,3396,6,15,8,2,0,0,2,4,6,21,10,0,0,11,18,2,24,0,0,21,4,1132,42,6,78,78
443,Pekka on' Merjalla ,42,4,9,3,0,4930,15,30,17,4,0,0,4,5,6,47,16,0,4,6,43,1,53,0,0,22,4,1643,74,12,124,156
444,Pekka on' Pekkaa ,42,4,9,3,1,
445,Pekka on' Pekan_gen ,42,4,9,3,1,
446,mina ihailen Merjaa ,42,5,1,1,0,7646,16,32,16,4,0,0,4,4,6,44,17,0,0,30,46,2,56,0,0,47,6,2548,74,11,130,156
447,sina ihailet Merjaa ,42,5,1,1,0,7646,16,32,16,4,0,0,4,4,6,44,17,0,0,30,46,2,56,0,0,47,6,2548,74,11,130,156
448,han ihailee Merjaa ,42,5,1,1,0,7671,16,32,16,4,0,0,4,4,6,44,17,0,0,30,46,2,56,0,0,47,6,2557,74,11,130,156
449,me ihailemme Merjaa ,42,5,1,1,0,7596,16,32,16,4,0,0,4,4,6,44,17,0,0,30,46,2,56,0,0,47,6,2532,74,11,130,156
450,te ihailette Merjaa ,42,5,1,1,0,7596,16,32,16,4,0,0,4,4,6,44,17,0,0,30,46,2,56,0,0,47,6,2532,74,11,130,203
451,he_FI ihailevat Merjaa ,42,5,1,1,0,7746,16,32,16,4,0,0,4,4,6,44,17,0,0,30,46,2,56,0,0,47,6,2582,74,11,130,156
452,I admire Mary ,42,5,1,1,0,7019,19,36,23,0,0,0,0,6,8,48,18,0,4,25,55,2,63,0,0,43,6,2339,56,12,4,171
453,you admire Mary ,42,5,1,1,0,7119,19,36,23,0,0,0,0,6,8,48,18,0,4,25,55,2,63,0,0,43,6,2373,56,12,4,171
454,he admires Mary ,42,5,1,1,0,7204,19,36,23,0,0,0,0,6,8,48,18,0,4,26,55,2,63,0,0,44,6,2401,56,12,4,171
455,she admires Mary ,42,5,1,1,0,7254,19,36,23,0,0,0,0,6,8,48,18,0,4,26,55,2,63,0,0,44,6,2418,56,12,4,187
456,John admires Mary ,42,5,1,1,0,7304,19,36,23,0,0,0,0,6,8,48,18,0,4,26,55,2,63,0,0,44,6,2434,56,12,4,171
457,we admire Mary ,42,5,1,1,0,7069,19,36,23,0,0,0,0,6,8,48,18,0,4,25,55,2,63,0,0,43,6,2356,56,12,4,171
458,you_pl admire Mary ,42,5,1,1,0,7269,19,36,23,0,0,0,0,6,8,48,18,0,4,25,55,2,63,0,0,43,6,2423,56,12,4,171
459,they admire Mary ,42,5,1,1,0,7169,19,36,23,0,0,0,0,6,8,48,18,0,4,25,55,2,63,0,0,43,6,2389,56,12,4,156
460,io adoro Luisa ,42,5,1,1,0,7279,19,36,23,0,0,0,0,6,8,48,18,0,4,25,54,2,63,0,0,43,6,2426,56,12,4,171
461,tu adori Luisa ,42,5,1,1,0,7279,19,36,23,0,0,0,0,6,8,48,18,0,4,25,54,2,63,0,0,43,6,2426,56,12,4,171
462,lui adora Luisa ,42,5,1,1,0,7439,19,36,23,0,0,0,0,6,8,48,18,0,4,26,54,2,63,0,0,44,6,2479,56,12,4,171
463,lei adora Luisa ,42,5,1,1,0,7439,19,36,23,0,0,0,0,6,8,48,18,0,4,26,54,2,63,0,0,44,6,2479,56,12,4,171
464,noi adoriamo Luisa ,42,5,1,1,0,7404,19,36,23,0,0,0,0,6,8,48,18,0,4,25,54,2,63,0,0,43,6,2468,56,12,4,171
465,voi adorate Luisa ,42,5,1,1,0,7379,19,36,23,0,0,0,0,6,8,48,18,0,4,25,54,2,63,0,0,43,6,2459,56,12,4,218
466,loro adorano Luisa ,42,5,1,1,0,7319,19,36,23,0,0,0,0,6,8,48,18,0,4,24,54,2,63,0,0,42,6,2439,56,12,4,156
467,mina ihailet Merjaa ,42,5,1,1,1,
468,mina ihalee Merjaa ,42,5,1,1,1,
469,mina ihailemme Merjaa ,42,5,1,1,1,
470,mina ihailette Merjaa ,42,5,1,1,1,
471,mina ihailevat Merjaa ,42,5,1,1,1,
472,sina ihailen Merjaa ,42,5,1,1,1,
473,sina ihalee Merjaa ,42,5,1,1,1,
474,sina ihailemme Merjaa ,42,5,1,1,1,
475,sina ihailette Merjaa ,42,5,1,1,1,
476,sina ihailevat Merjaa ,42,5,1,1,1,
477,han ihailen Merjaa ,42,5,1,1,1,
478,han ihailet Merjaa ,42,5,1,1,1,
479,han ihailemme Merjaa ,42,5,1,1,1,
480,han ihailette Merjaa ,42,5,1,1,1,
481,han ihailevat Merjaa ,42,5,1,1,1,
482,me ihailen Merjaa ,42,5,1,1,1,
483,me ihailet Merjaa ,42,5,1,1,1,
484,me ihalee Merjaa ,42,5,1,1,1,
485,me ihailette Merjaa ,42,5,1,1,1,
486,me ihailevat Merjaa ,42,5,1,1,1,
487,te ihailen Merjaa ,42,5,1,1,1,
488,te ihailet Merjaa ,42,5,1,1,1,
489,te ihalee Merjaa ,42,5,1,1,1,
490,te ihailemme Merjaa ,42,5,1,1,1,
491,te ihailevat Merjaa ,42,5,1,1,1,
492,he_FI ihailen Merjaa ,42,5,1,1,1,
493,he_FI ihailet Merjaa ,42,5,1,1,1,
494,he_FI ihalee Merjaa ,42,5,1,1,1,
495,he_FI ihailemme Merjaa ,42,5,1,1,1,
496,he_FI ihailette Merjaa ,42,5,1,1,1,
497,John admire Mary ,42,5,1,1,1,
498,we admires Mary ,42,5,1,1,1,
499,io adori Luisa ,42,5,1,1,1,
500,io adora Luisa ,42,5,1,1,1,
501,io adorate Luisa ,42,5,1,1,1,
502,io adorano Luisa ,42,5,1,1,1,
503,ihailen mina Merjaa ,42,5,2,1,0,4246,6,15,8,3,0,0,3,4,6,23,10,0,0,18,19,2,25,0,0,28,4,1415,44,6,85,93
504,ihailen Merjaa mina ,42,5,2,1,0,3981,6,15,8,2,0,0,2,4,6,21,10,0,0,17,18,2,24,0,0,27,4,1327,35,6,67,93
505,ihailet sina Merjaa ,42,5,2,1,0,4246,6,15,8,3,0,0,3,4,6,23,10,0,0,18,19,2,25,0,0,28,4,1415,44,6,85,78
506,ihailet Merjaa sina ,42,5,2,1,0,3981,6,15,8,2,0,0,2,4,6,21,10,0,0,17,18,2,24,0,0,27,4,1327,35,6,67,78
507,ihailette Merjaa te ,42,5,2,1,0,3781,6,15,8,2,0,0,2,4,6,21,10,0,0,17,18,2,24,0,0,27,4,1260,35,6,67,78
508,ihailemme me Merjaa ,42,5,2,1,0,4196,6,15,8,3,0,0,3,4,6,23,10,0,0,18,19,2,25,0,0,28,4,1398,44,6,85,78
509,ihailemme Merjaa me ,42,5,2,1,0,3781,6,15,8,2,0,0,2,4,6,21,10,0,0,17,18,2,24,0,0,27,4,1260,35,6,67,93
510,ihailette te Merjaa ,42,5,2,1,0,4196,6,15,8,3,0,0,3,4,6,23,10,0,0,18,19,2,25,0,0,28,4,1398,44,6,85,93
511,mina ihailen Merjaa ,42,5,2,1,0,7646,16,32,16,4,0,0,4,4,6,44,17,0,0,30,46,2,56,0,0,47,6,2548,74,11,130,156
512,mina Merjaa ihailen ,42,5,2,1,0,7578,23,42,25,7,0,0,7,13,15,58,20,0,1,13,69,2,82,0,0,33,4,2526,153,16,233,250
513,Merjaa mina ihailen ,42,5,2,1,0,7598,23,42,25,8,0,0,8,13,15,59,20,0,1,13,68,2,83,0,0,33,4,2532,152,16,226,250
514,Merjaa ihailen mina ,42,5,2,1,0,7056,16,32,16,3,0,0,3,5,7,50,17,0,0,27,45,2,58,0,0,44,6,2352,94,11,165,156
515,sina ihailet Merjaa ,42,5,2,1,0,7646,16,32,16,4,0,0,4,4,6,44,17,0,0,30,46,2,56,0,0,47,6,2548,74,11,130,156
516,sina Merjaa ihailet ,42,5,2,1,0,7578,23,42,25,7,0,0,7,13,15,58,20,0,1,13,69,2,82,0,0,33,4,2526,153,16,233,234
517,Merjaa sina ihailet ,42,5,2,1,0,7598,23,42,25,8,0,0,8,13,15,59,20,0,1,13,68,2,83,0,0,33,4,2532,152,16,226,250
518,Merjaa ihailet sina ,42,5,2,1,0,7056,16,32,16,3,0,0,3,5,7,50,17,0,0,27,45,2,58,0,0,44,6,2352,94,11,165,171
519,han ihailee Merjaa ,42,5,2,1,0,7671,16,32,16,4,0,0,4,4,6,44,17,0,0,30,46,2,56,0,0,47,6,2557,74,11,130,156
520,han Merjaa ihailee ,42,5,2,1,0,7603,23,42,25,7,0,0,7,13,15,58,20,0,1,13,69,2,82,0,0,33,4,2534,153,16,233,218
521,Merjaa han ihailee ,42,5,2,1,0,7623,23,42,25,8,0,0,8,13,15,59,20,0,1,13,68,2,83,0,0,33,4,2541,152,16,226,218
522,Merjaa ihailee han ,42,5,2,1,0,7101,16,32,16,3,0,0,3,5,8,50,17,0,0,27,45,3,58,0,0,44,6,2367,94,11,165,203
523,me ihailemme Merjaa ,42,5,2,1,0,7596,16,32,16,4,0,0,4,4,6,44,17,0,0,30,46,2,56,0,0,47,6,2532,74,11,130,156
524,me Merjaa ihailemme ,42,5,2,1,0,7578,23,42,25,7,0,0,7,13,15,58,20,0,1,13,69,2,82,0,0,33,4,2526,153,16,233,250
525,Merjaa me ihailemme ,42,5,2,1,0,7598,23,42,25,8,0,0,8,13,15,59,20,0,1,13,68,2,83,0,0,33,4,2532,152,16,226,234
526,Merjaa ihailemme me ,42,5,2,1,0,6556,16,32,16,3,0,0,3,5,7,50,17,0,0,27,45,2,58,0,0,44,6,2185,94,11,165,171
527,te ihailette Merjaa ,42,5,2,1,0,7596,16,32,16,4,0,0,4,4,6,44,17,0,0,30,46,2,56,0,0,47,6,2532,74,11,130,156
528,te Merjaa ihailette ,42,5,2,1,0,7578,23,42,25,7,0,0,7,13,15,58,20,0,1,13,69,2,82,0,0,33,4,2526,153,16,233,250
529,Merjaa te ihailette ,42,5,2,1,0,7598,23,42,25,8,0,0,8,13,15,59,20,0,1,13,68,2,83,0,0,33,4,2532,152,16,226,234
530,Merjaa ihailette te ,42,5,2,1,0,6556,16,32,16,3,0,0,3,5,7,50,17,0,0,27,45,2,58,0,0,44,6,2185,94,11,165,171
531,he_FI ihailevat Merjaa ,42,5,2,1,0,7746,16,32,16,4,0,0,4,4,6,44,17,0,0,30,46,2,56,0,0,47,6,2582,74,11,130,140
532,he_FI Merjaa ihailevat ,42,5,2,1,0,7728,23,42,25,7,0,0,7,13,15,58,20,0,1,13,69,2,82,0,0,33,4,2576,153,16,233,218
533,Merjaa he_FI ihailevat ,42,5,2,1,0,7748,23,42,25,8,0,0,8,13,15,59,20,0,1,13,68,2,83,0,0,33,4,2582,152,16,226,218
534,Merjaa ihailevat he_FI ,42,5,2,1,0,7401,16,32,16,3,0,0,3,5,8,50,17,0,0,27,45,3,58,0,0,44,6,2467,94,11,165,156
535,ihailee han Merjaa ,42,5,2,1,1,
536,ihailee Merjaa han ,42,5,2,1,1,
537,ihailevat he_FI Merjaa ,42,5,2,1,1,
538,ihailevat Merjaa he_FI ,42,5,2,1,1,
539,mina ihailet Merjaa ,42,5,2,2,1,
540,mina Merjaa ihailet ,42,5,2,2,1,
541,ihailet mina Merjaa ,42,5,2,2,1,
542,ihailet Merjaa mina ,42,5,2,2,1,
543,Merjaa mina ihailet ,42,5,2,2,1,
544,Merjaa ihailet mina ,42,5,2,2,1,
545,mina ihalee Merjaa ,42,5,2,2,1,
546,mina Merjaa ihalee ,42,5,2,2,1,
547,ihalee mina Merjaa ,42,5,2,2,1,
548,ihalee Merjaa mina ,42,5,2,2,1,
549,Merjaa mina ihalee ,42,5,2,2,1,
550,Merjaa ihalee mina ,42,5,2,2,1,
551,mina ihailemme Merjaa ,42,5,2,2,1,
552,mina Merjaa ihailemme ,42,5,2,2,1,
553,ihailemme mina Merjaa ,42,5,2,2,1,
554,ihailemme Merjaa mina ,42,5,2,2,1,
555,Merjaa mina ihailemme ,42,5,2,2,1,
556,Merjaa ihailemme mina ,42,5,2,2,1,
557,mina ihailette Merjaa ,42,5,2,2,1,
558,mina Merjaa ihailette ,42,5,2,2,1,
559,ihailette mina Merjaa ,42,5,2,2,1,
560,ihailette Merjaa mina ,42,5,2,2,1,
561,Merjaa mina ihailette ,42,5,2,2,1,
562,Merjaa ihailette mina ,42,5,2,2,1,
563,mina ihailevat Merjaa ,42,5,2,2,1,
564,mina Merjaa ihailevat ,42,5,2,2,1,
565,ihailevat mina Merjaa ,42,5,2,2,1,
566,ihailevat Merjaa mina ,42,5,2,2,1,
567,Merjaa mina ihailevat ,42,5,2,2,1,
568,Merjaa ihailevat mina ,42,5,2,2,1,
569,sina ihailen Merjaa ,42,5,2,2,1,
570,sina Merjaa ihailen ,42,5,2,2,1,
571,ihailen sina Merjaa ,42,5,2,2,1,
572,ihailen Merjaa sina ,42,5,2,2,1,
573,Merjaa sina ihailen ,42,5,2,2,1,
574,Merjaa ihailen sina ,42,5,2,2,1,
575,sina ihalee Merjaa ,42,5,2,2,1,
576,sina Merjaa ihalee ,42,5,2,2,1,
577,ihalee sina Merjaa ,42,5,2,2,1,
578,ihalee Merjaa sina ,42,5,2,2,1,
579,Merjaa sina ihalee ,42,5,2,2,1,
580,Merjaa ihalee sina ,42,5,2,2,1,
581,sina ihailemme Merjaa ,42,5,2,2,1,
582,sina Merjaa ihailemme ,42,5,2,2,1,
583,ihailemme sina Merjaa ,42,5,2,2,1,
584,ihailemme Merjaa sina ,42,5,2,2,1,
585,Merjaa sina ihailemme ,42,5,2,2,1,
586,Merjaa ihailemme sina ,42,5,2,2,1,
587,sina ihailette Merjaa ,42,5,2,2,1,
588,sina Merjaa ihailette ,42,5,2,2,1,
589,ihailette sina Merjaa ,42,5,2,2,1,
590,ihailette Merjaa sina ,42,5,2,2,1,
591,Merjaa sina ihailette ,42,5,2,2,1,
592,Merjaa ihailette sina ,42,5,2,2,1,
593,sina ihailevat Merjaa ,42,5,2,2,1,
594,sina Merjaa ihailevat ,42,5,2,2,1,
595,ihailevat sina Merjaa ,42,5,2,2,1,
596,ihailevat Merjaa sina ,42,5,2,2,1,
597,Merjaa sina ihailevat ,42,5,2,2,1,
598,Merjaa ihailevat sina ,42,5,2,2,1,
599,han ihailen Merjaa ,42,5,2,2,1,
600,han Merjaa ihailen ,42,5,2,2,1,
601,ihailen han Merjaa ,42,5,2,2,1,
602,ihailen Merjaa han ,42,5,2,2,1,
603,Merjaa han ihailen ,42,5,2,2,1,
604,Merjaa ihailen han ,42,5,2,2,1,
605,han ihailet Merjaa ,42,5,2,2,1,
606,han Merjaa ihailet ,42,5,2,2,1,
607,ihailet han Merjaa ,42,5,2,2,1,
608,ihailet Merjaa han ,42,5,2,2,1,
609,Merjaa han ihailet ,42,5,2,2,1,
610,Merjaa ihailet han ,42,5,2,2,1,
611,han ihailemme Merjaa ,42,5,2,2,1,
612,han Merjaa ihailemme ,42,5,2,2,1,
613,ihailemme han Merjaa ,42,5,2,2,1,
614,ihailemme Merjaa han ,42,5,2,2,1,
615,Merjaa han ihailemme ,42,5,2,2,1,
616,Merjaa ihailemme han ,42,5,2,2,1,
617,han ihailette Merjaa ,42,5,2,2,1,
618,han Merjaa ihailette ,42,5,2,2,1,
619,ihailette han Merjaa ,42,5,2,2,1,
620,ihailette Merjaa han ,42,5,2,2,1,
621,Merjaa han ihailette ,42,5,2,2,1,
622,Merjaa ihailette han ,42,5,2,2,1,
623,han ihailevat Merjaa ,42,5,2,2,1,
624,han Merjaa ihailevat ,42,5,2,2,1,
625,ihailevat han Merjaa ,42,5,2,2,1,
626,ihailevat Merjaa han ,42,5,2,2,1,
627,Merjaa han ihailevat ,42,5,2,2,1,
628,Merjaa ihailevat han ,42,5,2,2,1,
629,me ihailen Merjaa ,42,5,2,2,1,
630,me Merjaa ihailen ,42,5,2,2,1,
631,ihailen me Merjaa ,42,5,2,2,1,
632,ihailen Merjaa me ,42,5,2,2,1,
633,Merjaa me ihailen ,42,5,2,2,1,
634,Merjaa ihailen me ,42,5,2,2,1,
635,me ihailet Merjaa ,42,5,2,2,1,
636,me Merjaa ihailet ,42,5,2,2,1,
637,ihailet me Merjaa ,42,5,2,2,1,
638,ihailet Merjaa me ,42,5,2,2,1,
639,Merjaa me ihailet ,42,5,2,2,1,
640,Merjaa ihailet me ,42,5,2,2,1,
641,me ihalee Merjaa ,42,5,2,2,1,
642,me Merjaa ihalee ,42,5,2,2,1,
643,ihalee me Merjaa ,42,5,2,2,1,
644,ihalee Merjaa me ,42,5,2,2,1,
645,Merjaa me ihalee ,42,5,2,2,1,
646,Merjaa ihalee me ,42,5,2,2,1,
647,me ihailette Merjaa ,42,5,2,2,1,
648,me Merjaa ihailette ,42,5,2,2,1,
649,ihailette me Merjaa ,42,5,2,2,1,
650,ihailette Merjaa me ,42,5,2,2,1,
651,Merjaa me ihailette ,42,5,2,2,1,
652,Merjaa ihailette me ,42,5,2,2,1,
653,me ihailevat Merjaa ,42,5,2,2,1,
654,me Merjaa ihailevat ,42,5,2,2,1,
655,ihailevat me Merjaa ,42,5,2,2,1,
656,ihailevat Merjaa me ,42,5,2,2,1,
657,Merjaa me ihailevat ,42,5,2,2,1,
658,Merjaa ihailevat me ,42,5,2,2,1,
659,te ihailen Merjaa ,42,5,2,2,1,
660,te Merjaa ihailen ,42,5,2,2,1,
661,ihailen te Merjaa ,42,5,2,2,1,
662,ihailen Merjaa te ,42,5,2,2,1,
663,Merjaa te ihailen ,42,5,2,2,1,
664,Merjaa ihailen te ,42,5,2,2,1,
665,te ihailet Merjaa ,42,5,2,2,1,
666,te Merjaa ihailet ,42,5,2,2,1,
667,ihailet te Merjaa ,42,5,2,2,1,
668,ihailet Merjaa te ,42,5,2,2,1,
669,Merjaa te ihailet ,42,5,2,2,1,
670,Merjaa ihailet te ,42,5,2,2,1,
671,te ihalee Merjaa ,42,5,2,2,1,
672,te Merjaa ihalee ,42,5,2,2,1,
673,ihalee te Merjaa ,42,5,2,2,1,
674,ihalee Merjaa te ,42,5,2,2,1,
675,Merjaa te ihalee ,42,5,2,2,1,
676,Merjaa ihalee te ,42,5,2,2,1,
677,te ihailemme Merjaa ,42,5,2,2,1,
678,te Merjaa ihailemme ,42,5,2,2,1,
679,ihailemme te Merjaa ,42,5,2,2,1,
680,ihailemme Merjaa te ,42,5,2,2,1,
681,Merjaa te ihailemme ,42,5,2,2,1,
682,Merjaa ihailemme te ,42,5,2,2,1,
683,te ihailevat Merjaa ,42,5,2,2,1,
684,te Merjaa ihailevat ,42,5,2,2,1,
685,ihailevat te Merjaa ,42,5,2,2,1,
686,ihailevat Merjaa te ,42,5,2,2,1,
687,Merjaa te ihailevat ,42,5,2,2,1,
688,Merjaa ihailevat te ,42,5,2,2,1,
689,he_FI ihailen Merjaa ,42,5,2,2,1,
690,he_FI Merjaa ihailen ,42,5,2,2,1,
691,ihailen he_FI Merjaa ,42,5,2,2,1,
692,ihailen Merjaa he_FI ,42,5,2,2,1,
693,Merjaa he_FI ihailen ,42,5,2,2,1,
694,Merjaa ihailen he_FI ,42,5,2,2,1,
695,he_FI ihailet Merjaa ,42,5,2,2,1,
696,he_FI Merjaa ihailet ,42,5,2,2,1,
697,ihailet he_FI Merjaa ,42,5,2,2,1,
698,ihailet Merjaa he_FI ,42,5,2,2,1,
699,Merjaa he_FI ihailet ,42,5,2,2,1,
700,Merjaa ihailet he_FI ,42,5,2,2,1,
701,he_FI ihalee Merjaa ,42,5,2,2,1,
702,he_FI Merjaa ihalee ,42,5,2,2,1,
703,ihalee he_FI Merjaa ,42,5,2,2,1,
704,ihalee Merjaa he_FI ,42,5,2,2,1,
705,Merjaa he_FI ihalee ,42,5,2,2,1,
706,Merjaa ihalee he_FI ,42,5,2,2,1,
707,he_FI ihailemme Merjaa ,42,5,2,2,1,
708,he_FI Merjaa ihailemme ,42,5,2,2,1,
709,ihailemme he_FI Merjaa ,42,5,2,2,1,
710,ihailemme Merjaa he_FI ,42,5,2,2,1,
711,Merjaa he_FI ihailemme ,42,5,2,2,1,
712,Merjaa ihailemme he_FI ,42,5,2,2,1,
713,he_FI ihailette Merjaa ,42,5,2,2,1,
714,he_FI Merjaa ihailette ,42,5,2,2,1,
715,ihailette he_FI Merjaa ,42,5,2,2,1,
716,ihailette Merjaa he_FI ,42,5,2,2,1,
717,Merjaa he_FI ihailette ,42,5,2,2,1,
718,Merjaa ihailette he_FI ,42,5,2,2,1,
719,ihailen Merjaa ,42,6,1,1,0,1761,1,5,5,0,0,0,0,2,4,4,5,0,0,7,4,2,6,0,0,12,2,880,7,3,4,15
720,ihailet Merjaa ,42,6,1,1,0,1761,1,5,5,0,0,0,0,2,4,4,5,0,0,7,4,2,6,0,0,12,2,880,7,3,4,15
721,ihailemme Merjaa ,42,6,1,1,0,1811,1,5,5,0,0,0,0,2,4,4,5,0,0,7,4,2,6,0,0,12,2,905,7,3,4,15
722,ihailette Merjaa ,42,6,1,1,0,1811,1,5,5,0,0,0,0,2,4,4,5,0,0,7,4,2,6,0,0,12,2,905,7,3,4,31
723,adoro Luisa ,42,6,1,1,0,1551,1,5,5,0,0,0,0,2,4,4,5,0,0,6,4,2,6,0,0,11,2,775,7,3,0,15
724,adori Luisa ,42,6,1,1,0,1551,1,5,5,0,0,0,0,2,4,4,5,0,0,6,4,2,6,0,0,11,2,775,7,3,0,15
725,adora Luisa ,42,6,1,1,0,1551,1,5,5,0,0,0,0,2,4,4,5,0,0,6,4,2,6,0,0,11,2,775,7,3,0,15
726,adora Luisa ,42,6,1,1,0,1551,1,5,5,0,0,0,0,2,4,4,5,0,0,6,4,2,6,0,0,11,2,775,7,3,0,15
727,adoriamo Luisa ,42,6,1,1,0,1626,1,5,5,0,0,0,0,2,4,4,5,0,0,6,4,2,6,0,0,11,2,813,7,3,0,15
728,adorate Luisa ,42,6,1,1,0,1601,1,5,5,0,0,0,0,2,4,4,5,0,0,6,4,2,6,0,0,11,2,800,7,3,0,15
729,adorano Luisa ,42,6,1,1,0,1601,1,5,5,0,0,0,0,2,4,4,5,0,0,6,4,2,6,0,0,11,2,800,7,3,0,15
730,lavano Luisa ,42,6,1,1,0,1551,1,5,5,0,0,0,0,2,4,4,5,0,0,6,4,2,6,0,0,11,2,775,7,3,0,15
731,devono lavare Luisa ,42,6,1,1,0,7149,19,36,27,0,0,0,0,11,14,48,18,5,5,21,54,3,60,0,0,39,6,2383,51,12,4,187
732,hanno lavato Luisa ,42,6,1,1,0,7349,19,36,27,0,0,0,0,11,15,48,18,0,5,23,56,4,62,0,0,41,6,2449,51,12,4,218
733,ho lavato Luisa ,42,6,1,1,0,7274,19,36,27,0,0,0,0,11,15,48,18,0,5,23,56,4,62,0,0,41,6,2424,51,12,4,234
734,hanno voluto lavare Luisa ,42,6,1,1,0,87888,303,500,332,0,0,0,0,102,108,724,198,52,89,243,830,6,896,0,0,441,54,21972,688,144,64,3984
735,stanno lavando Luisa ,42,6,1,1,0,7149,19,36,27,0,0,0,0,11,14,48,18,5,5,21,54,3,60,0,0,39,6,2383,51,12,4,187
736,ihailee Merjaa ,42,6,1,1,1,
737,ihailevat Merjaa ,42,6,1,1,1,
738,admire Mary ,42,6,1,1,1,
739,admires Mary ,42,6,1,1,1,
740,am John ,42,6,1,1,1,
741,ihailen Merjaa ,42,6,2,1,0,1761,1,5,5,0,0,0,0,2,4,4,5,0,0,7,4,2,6,0,0,12,2,880,7,3,4,31
742,Merjaa ihailen ,42,6,2,1,0,2213,3,8,6,1,0,0,1,3,5,9,6,0,0,7,9,2,14,0,0,13,2,1106,23,4,25,31
743,Merjaa ihailevat ,42,6,2,1,0,2283,3,8,6,1,0,0,1,3,6,9,6,0,0,7,9,3,14,0,0,13,2,1141,23,4,25,31
744,ihailee Merjaa ,42,6,2,1,1,
745,ihailevat Merjaa ,42,6,2,1,1,
746,Merjaa ihailee ,42,6,2,1,2,
747,Pekka sanoi etta ihailee Merjaa ,42,6,3,1,0,318945,1075,1692,982,150,0,0,150,271,276,2670,618,0,128,902,3214,5,3488,0,0,1520,158,63789,4603,456,8717,15140
748,ihailee Merjaa ,42,6,3,1,1,
749,Mina sanon etta ihailee Merjaa ,42,6,3,1,1,
750,John said that admire Mary ,42,6,3,1,1,
751,John said that admires Mary ,42,6,3,1,1,
752,Pekka sanoi etta ihailee Merjaa ,42,7,1,1,0,318945,1075,1692,982,150,0,0,150,271,276,2670,618,0,128,902,3214,5,3488,0,0,1520,158,63789,4603,456,8717,15156
753,ihailee Merjaa ,42,7,1,1,1,
754,Mina sanon etta ihailee Merjaa ,42,7,1,1,1,
755,John wants to_inf leave ,42,7,2,1,0,5554,19,36,15,0,0,0,0,6,10,56,18,8,4,6,55,4,59,0,0,24,2,1388,56,4,4,171
756,John wants Mary to_inf leave ,42,7,2,1,0,28589,124,207,45,0,0,0,0,6,10,358,84,46,41,26,334,4,356,0,0,110,6,5717,275,12,40,1234
757,John wants ,42,7,2,1,1,
758,John wants to_inf ,42,7,2,1,1,
759,John wants leave ,42,7,2,1,1,
760,Pekka haluaa lahtea ,42,7,2,2,0,5939,19,36,23,4,0,0,4,6,9,48,18,8,0,6,55,3,63,0,0,24,6,1979,69,12,60,156
761,John tries to_inf leave ,42,7,2,2,0,3249,9,18,6,0,0,0,0,5,7,28,10,4,2,6,27,2,31,0,0,16,2,812,29,2,2,78
762,John promises to_inf leave ,42,7,2,2,0,2931,6,14,3,0,0,0,0,2,5,21,9,3,2,6,18,3,22,0,0,15,2,732,18,2,2,46
763,Pekka haluaa Merjan lahtea ,42,7,2,2,1,
764,John tries Mary to_inf leave ,42,7,2,2,1,
765,Pekka kaskee Merjan_gen lahtea ,42,7,2,3,0,32266,131,216,106,7,0,0,7,16,19,309,86,48,18,30,353,3,389,0,0,116,26,8066,401,60,427,1281
766,Pekka haluaa Merjan_gen lahtevan ,42,7,2,3,0,33726,131,216,106,7,0,0,7,79,82,299,86,0,33,30,351,3,384,0,0,116,26,8431,401,60,409,1421
767,John persuades Mary to_inf leave ,42,7,2,3,0,28949,124,207,45,0,0,0,0,12,16,358,84,46,41,26,334,4,356,0,0,110,6,5789,275,12,40,1234
768,Pekka kaskee lahtea ,42,7,2,3,1,
769,John persuades to_ing leave ,42,7,2,3,1,
770,Pekka haluaa lahtevan ,42,7,2,3,1,
771,Pekka etsii Merjaa juosten ,42,7,3,1,0,27900,105,177,75,4,0,0,4,9,12,317,73,0,12,30,279,3,302,0,0,103,23,6975,406,50,1029,1031
772,John promises Mary to_inf leave ,42,7,3,1,0,14483,58,99,17,0,0,0,0,5,8,170,42,22,19,16,159,3,172,0,0,58,4,2896,127,6,19,578
773,John persuades Mary to_inf leave ,42,7,3,2,0,28949,124,207,45,0,0,0,0,12,16,358,84,46,41,26,334,4,356,0,0,110,6,5789,275,12,40,1234
774,John persuades to_inf leave ,42,7,3,2,1,
775,Pekka pyytaa lahtemaan ,42,7,4,1,0,6264,19,36,23,4,0,0,4,7,11,52,18,0,3,6,53,4,63,0,0,24,6,2088,69,12,111,171
776,Pekka sanoo etta istuu mukavasti ,42,7,4,1,0,100279,419,657,314,17,0,0,17,177,181,1175,239,0,20,14,1299,4,1337,0,0,253,66,20055,1229,169,2827,4906
777,tassa istuu mukavasti ,42,7,4,1,0,2961,6,15,8,0,0,0,0,2,5,20,10,0,0,4,17,3,21,0,0,14,5,987,21,6,34,62
778,Pekka sanoo etta tassa istuu mukavasti ,42,7,4,1,0,2007556,8641,13242,6241,291,0,0,291,3671,3676,24319,4602,0,390,214,27177,5,27763,0,0,4816,1254,334592,25819,3364,59778,136781
779,istuu mukavasti ,42,7,4,1,1,
780,John admires Mary ,42,8,1,1,0,7304,19,36,23,0,0,0,0,6,8,48,18,0,4,26,55,2,63,0,0,44,6,2434,56,12,4,187
781,Mary admires John ,42,8,1,1,0,7304,19,36,23,0,0,0,0,6,8,48,18,0,4,26,55,2,63,0,0,44,6,2434,56,12,4,171
782,John Mary admires ,42,8,1,1,1,
783,admires John Mary ,42,8,1,1,1,
784,admires Mary John ,42,8,1,1,1,
785,Mary John admires ,42,8,1,1,1,
786,Pekka ihailee Merjaa ,42,8,1,2,0,7696,16,32,16,4,0,0,4,4,6,44,17,0,0,30,46,2,56,0,0,47,6,2565,74,11,130,156
787,Pekka Merjaa ihailee ,42,8,1,2,0,7628,23,42,25,7,0,0,7,13,15,58,20,0,1,13,69,2,82,0,0,33,4,2542,153,16,233,218
788,Merjaa Pekka ihailee ,42,8,1,2,0,7648,23,42,25,8,0,0,8,13,15,59,20,0,1,13,68,2,83,0,0,33,4,2549,152,16,226,218
789,Merjaa ihailee Pekka ,42,8,1,2,0,7351,16,32,16,3,0,0,3,5,8,50,17,0,0,27,45,3,58,0,0,44,6,2450,94,11,165,156
790,ihailee Pekka Merjaa ,42,8,1,2,1,
791,ihailee Merjaa Pekka ,42,8,1,2,1,
792,Pekka antoi kirjan Merjalle ,42,8,2,1,0,59818,273,451,254,29,0,0,29,12,15,760,179,0,79,11,752,3,845,0,0,190,23,14954,1417,156,2741,3500
793,Pekka antoi Merjalle kirjan ,42,8,2,1,0,60824,244,408,194,15,0,0,15,15,18,748,165,0,20,47,707,3,896,0,0,212,46,15206,1615,119,3672,3437
794,Pekka kirjan antoi Merjalle ,42,8,2,1,0,82670,370,612,387,81,0,0,81,42,45,948,243,0,94,12,1083,3,1190,0,0,255,28,20667,1927,215,3102,5421
795,Pekka kirjan Merjalle antoi ,42,8,2,1,0,88481,391,642,363,56,0,0,56,166,169,889,252,0,28,86,1137,3,1196,0,0,338,28,22120,2210,224,3250,5062
796,Pekka Merjalle antoi kirjan ,42,8,2,1,0,72706,296,491,260,32,0,0,32,76,79,854,196,0,12,65,872,3,988,0,0,261,54,18176,1959,142,3730,3968
797,Pekka Merjalle kirjan antoi ,42,8,2,1,0,78033,343,560,304,56,0,0,56,155,158,792,218,0,34,77,1006,3,1057,0,0,295,26,19508,1911,192,2800,4296
798,kirjan Pekka antoi Merjalle ,42,8,2,1,0,82690,370,612,387,82,0,0,82,42,45,949,243,0,94,12,1082,3,1191,0,0,255,28,20672,1928,215,3052,5000
799,kirjan Pekka Merjalle antoi ,42,8,2,1,0,88501,391,642,363,57,0,0,57,166,169,890,252,0,28,86,1136,3,1197,0,0,338,28,22125,2222,224,3287,5031
800,kirjan antoi Pekka Merjalle ,42,8,2,1,0,60903,273,451,254,29,0,0,29,12,16,760,179,0,79,23,751,4,844,0,0,202,23,15225,1418,156,2481,3515
801,kirjan antoi Merjalle Pekka ,42,8,2,1,0,74869,244,408,194,22,0,0,22,15,19,739,165,0,20,203,698,4,887,0,0,368,46,18717,1571,119,3124,3375
802,kirjan Merjalle Pekka antoi ,42,8,2,1,0,80158,343,560,304,82,0,0,82,155,158,818,218,0,34,89,1014,3,1083,0,0,307,26,20039,1904,192,2829,4375
803,kirjan Merjalle antoi Pekka ,42,8,2,1,0,91111,296,491,260,71,0,0,71,76,80,911,196,0,13,253,880,4,1003,0,0,449,54,22777,2043,142,3933,4062
804,Merjalle Pekka antoi kirjan ,42,8,2,1,0,36354,144,242,125,19,0,0,19,36,39,415,99,0,2,35,427,3,487,0,0,134,28,9088,991,71,1945,2093
805,Merjalle Pekka kirjan antoi ,42,8,2,1,0,40006,171,281,153,37,0,0,37,79,82,398,111,0,10,41,515,3,542,0,0,152,14,10001,1054,97,1668,2265
806,Merjalle antoi Pekka kirjan ,42,8,2,1,0,28080,105,178,77,4,0,0,4,8,12,318,74,0,3,39,298,4,377,0,0,113,23,7020,724,51,1498,1453
807,Merjalle antoi kirjan Pekka ,42,8,2,1,0,32670,105,178,77,6,0,0,6,8,12,314,74,0,3,91,291,4,373,0,0,165,23,8167,710,51,1456,1375
808,Merjalle kirjan Pekka antoi ,42,8,2,1,0,40521,171,281,153,43,0,0,43,79,82,404,111,0,10,45,511,3,548,0,0,156,14,10130,1048,97,1654,2328
809,Merjalle kirjan antoi Pekka ,42,8,2,1,0,45119,144,242,125,34,0,0,34,36,40,437,99,0,2,127,426,4,489,0,0,226,28,11279,1025,71,2007,2109
810,antoi Pekka kirjan Merjalle ,42,8,2,1,1,
811,antoi Pekka Merjalle kirjan ,42,8,2,1,1,
812,antoi kirjan Pekka Merjalle ,42,8,2,1,1,
813,antoi kirjan Merjalle Pekka ,42,8,2,1,1,
814,antoi Merjalle Pekka kirjan ,42,8,2,1,1,
815,antoi Merjalle kirjan Pekka ,42,8,2,1,1,
816,John gave the key to Mary ,42,8,2,1,0,116947,507,762,231,0,0,0,0,18,21,1337,256,0,266,280,1404,3,1537,0,0,536,57,19491,883,167,682,6125
817,the key gave John to Mary ,42,8,2,1,0,95856,391,608,209,0,0,0,0,18,22,1020,218,0,187,260,1050,4,1158,0,0,478,53,15976,699,143,414,4375
818,John gave to Mary the key ,42,8,2,1,1,
819,John the key gave to Mary ,42,8,2,1,1,
820,John the key to Mary gave ,42,8,2,1,1,
821,John to Mary gave the key ,42,8,2,1,1,
822,John to Mary the key gave ,42,8,2,1,1,
823,gave John the key to Mary ,42,8,2,1,1,
824,gave John to Mary the key ,42,8,2,1,1,
825,gave the key John to Mary ,42,8,2,1,1,
826,gave the key to Mary John ,42,8,2,1,1,
827,gave to Mary John the key ,42,8,2,1,1,
828,gave to Mary the key John ,42,8,2,1,1,
829,the key John gave to Mary ,42,8,2,1,1,
830,the key John to Mary gave ,42,8,2,1,1,
831,the key gave to Mary John ,42,8,2,1,1,
832,the key to Mary John gave ,42,8,2,1,1,
833,the key to Mary gave John ,42,8,2,1,1,
834,to Mary John gave the key ,42,8,2,1,1,
835,to Mary John the key gave ,42,8,2,1,1,
836,to Mary gave John the key ,42,8,2,1,1,
837,to Mary gave the key John ,42,8,2,1,1,
838,to Mary the key John gave ,42,8,2,1,1,
839,to Mary the key gave John ,42,8,2,1,1,
840,Pekka ei ihaile Merjaa ,42,8,3,1,0,23448,68,116,55,9,0,0,9,18,20,173,49,0,1,78,200,2,223,0,0,127,15,5862,366,34,689,671
841,Pekka ei Merjaa ihaile ,42,8,3,1,0,21045,85,140,75,19,0,0,19,54,56,204,56,0,11,12,261,2,290,0,0,68,8,5261,468,48,719,875
842,Pekka Merjaa ei ihaile ,42,8,3,1,0,18178,73,120,61,15,0,0,15,58,60,172,48,0,8,13,224,2,246,0,0,61,8,4544,428,40,635,687
843,Merjaa Pekka ei ihaile ,42,8,3,1,0,18243,73,120,61,17,0,0,17,59,61,174,48,0,8,13,223,2,248,0,0,61,8,4560,430,40,627,687
844,Merjaa ei Pekka ihaile ,42,8,3,1,0,21245,85,140,75,21,0,0,21,53,56,209,56,0,10,12,266,3,295,0,0,68,8,5311,484,48,728,843
845,Merjaa ei ihaile Pekka ,42,8,3,1,0,22573,68,116,55,16,0,0,16,23,26,209,49,0,1,67,199,3,241,0,0,116,15,5643,471,34,902,703
846,Pekka ihaile ei Merjaa ,42,8,3,1,1,
847,Pekka ihaile Merjaa ei ,42,8,3,1,1,
848,Pekka Merjaa ihaile ei ,42,8,3,1,1,
849,ei Pekka ihaile Merjaa ,42,8,3,1,1,
850,ei Pekka Merjaa ihaile ,42,8,3,1,1,
851,ei ihaile Pekka Merjaa ,42,8,3,1,1,
852,ei ihaile Merjaa Pekka ,42,8,3,1,1,
853,ei Merjaa Pekka ihaile ,42,8,3,1,1,
854,ei Merjaa ihaile Pekka ,42,8,3,1,1,
855,ihaile Pekka ei Merjaa ,42,8,3,1,1,
856,ihaile Pekka Merjaa ei ,42,8,3,1,1,
857,ihaile ei Pekka Merjaa ,42,8,3,1,1,
858,ihaile ei Merjaa Pekka ,42,8,3,1,1,
859,ihaile Merjaa Pekka ei ,42,8,3,1,1,
860,ihaile Merjaa ei Pekka ,42,8,3,1,1,
861,Merjaa Pekka ihaile ei ,42,8,3,1,1,
862,Merjaa ihaile Pekka ei ,42,8,3,1,1,
863,Merjaa ihaile ei Pekka ,42,8,3,1,1,
864,John does admire' Mary ,42,8,3,2,0,9792,32,54,24,0,0,0,0,9,11,79,23,0,7,30,92,2,103,0,0,53,7,2448,74,15,7,296
865,Mary does admire' John ,42,8,3,2,0,9792,32,54,24,0,0,0,0,9,11,79,23,0,7,30,92,2,103,0,0,53,7,2448,74,15,7,296
866,John admire' does Mary ,42,8,3,2,1,
867,John admire' Mary does ,42,8,3,2,1,
868,John Mary does admire' ,42,8,3,2,1,
869,John Mary admire' does ,42,8,3,2,1,
870,does John admire' Mary ,42,8,3,2,1,
871,does John Mary admire' ,42,8,3,2,1,
872,does admire' John Mary ,42,8,3,2,1,
873,does admire' Mary John ,42,8,3,2,1,
874,does Mary John admire' ,42,8,3,2,1,
875,does Mary admire' John ,42,8,3,2,1,
876,admire' John does Mary ,42,8,3,2,1,
877,admire' John Mary does ,42,8,3,2,1,
878,admire' does John Mary ,42,8,3,2,1,
879,admire' does Mary John ,42,8,3,2,1,
880,admire' Mary John does ,42,8,3,2,1,
881,admire' Mary does John ,42,8,3,2,1,
882,Mary John does admire' ,42,8,3,2,1,
883,Mary John admire' does ,42,8,3,2,1,
884,Mary admire' John does ,42,8,3,2,1,
885,Mary admire' does John ,42,8,3,2,1,
886,John does Mary admire' ,42,8,3,2,2,
887,Mary does John admire' ,42,8,3,2,2,
888,Pekka ihaile ei Merjaa ,42,8,4,1,1,
889,Pekka ollut ei ihaillut Merjaa ,42,8,4,2,1,
890,Pekka ollut ihaillut ei Merjaa ,42,8,4,2,1,
891,Pekka ei ihaillut ollut Merjaa ,42,8,4,2,1,
892,Pekka ei ihaillut ei ollut Merjaa ,42,8,4,2,1,
893,Pekka ihaillut ollut ei Merjaa ,42,8,4,2,1,
894,Pekan_gen taydy ei ihailla Merjaa ,42,8,4,3,1,
895,Pekan_gen taydy ihailla ei Merjaa ,42,8,4,3,1,
896,Pekan_gen ei ihailla taydy Merjaa ,42,8,4,3,1,
897,Pekan_gen ihailla ei taydy Merjaa ,42,8,4,3,1,
898,Pekan_gen ihailla taydy ei Merjaa ,42,8,4,3,1,
899,taydy#C/op Pekan_gen ihailla ei Merjaa ,42,8,4,4,1,
900,ihailla#C/op Pekan_gen taydy ei Merjaa ,42,8,4,4,1,
901,halua#C/op Pekan_gen Pekka ihailla ei Merjaa ,42,8,4,4,1,
902,ihailla#C/op Pekan_gen halua ei Merjaa ,42,8,4,4,1,
903,Pekka ihaile Merjaa ei ,42,8,4,5,1,
904,Pekan_gen ei ihailla Merjaa taydy ,42,8,4,5,1,
905,John wants to_inf leave ,42,8,5,1,0,5554,19,36,15,0,0,0,0,6,10,56,18,8,4,6,55,4,59,0,0,24,2,1388,56,4,4,218
906,John wants leave to_inf ,42,8,5,1,1,
907,John to_inf wants leave ,42,8,5,1,1,
908,John to_inf leave wants ,42,8,5,1,1,
909,John leave wants to_inf ,42,8,5,1,1,
910,John leave to_inf wants ,42,8,5,1,1,
911,wants John to_inf leave ,42,8,5,1,1,
912,wants John leave to_inf ,42,8,5,1,1,
913,wants to_inf John leave ,42,8,5,1,1,
914,wants to_inf leave John ,42,8,5,1,1,
915,wants leave John to_inf ,42,8,5,1,1,
916,wants leave to_inf John ,42,8,5,1,1,
917,to_inf John wants leave ,42,8,5,1,1,
918,to_inf John leave wants ,42,8,5,1,1,
919,to_inf wants John leave ,42,8,5,1,1,
920,to_inf wants leave John ,42,8,5,1,1,
921,to_inf leave John wants ,42,8,5,1,1,
922,leave John wants to_inf ,42,8,5,1,1,
923,leave John to_inf wants ,42,8,5,1,1,
924,leave wants John to_inf ,42,8,5,1,1,
925,leave wants to_inf John ,42,8,5,1,1,
926,leave to_inf John wants ,42,8,5,1,1,
927,leave to_inf wants John ,42,8,5,1,1,
928,John wants Mary to_inf leave ,42,8,5,2,0,28589,124,207,45,0,0,0,0,6,10,358,84,46,41,26,334,4,356,0,0,110,6,5717,275,12,40,1234
929,Mary wants to_inf leave John ,42,8,5,2,0,41427,167,260,101,0,0,0,0,16,20,420,94,56,60,106,447,4,488,0,0,200,22,8285,324,60,53,1640
930,Mary wants John to_inf leave ,42,8,5,2,0,28589,124,207,45,0,0,0,0,6,10,358,84,46,41,26,334,4,356,0,0,110,6,5717,275,12,40,1250
931,John wants to_inf leave Mary ,42,8,5,2,0,41427,167,260,101,0,0,0,0,16,20,420,94,56,60,106,447,4,488,0,0,200,22,8285,324,60,53,1687
932,John wants Mary leave to_inf ,42,8,5,2,1,
933,John wants leave Mary to_inf ,42,8,5,2,1,
934,John wants leave to_inf Mary ,42,8,5,2,1,
935,John Mary wants to_inf leave ,42,8,5,2,1,
936,John Mary wants leave to_inf ,42,8,5,2,1,
937,John Mary to_inf wants leave ,42,8,5,2,1,
938,John Mary to_inf leave wants ,42,8,5,2,1,
939,John Mary leave wants to_inf ,42,8,5,2,1,
940,John Mary leave to_inf wants ,42,8,5,2,1,
941,John to_inf wants Mary leave ,42,8,5,2,1,
942,John to_inf wants leave Mary ,42,8,5,2,1,
943,John to_inf Mary wants leave ,42,8,5,2,1,
944,John to_inf Mary leave wants ,42,8,5,2,1,
945,John to_inf leave Mary wants ,42,8,5,2,1,
946,John leave wants Mary to_inf ,42,8,5,2,1,
947,John leave wants to_inf Mary ,42,8,5,2,1,
948,John leave Mary wants to_inf ,42,8,5,2,1,
949,John leave Mary to_inf wants ,42,8,5,2,1,
950,John leave to_inf wants Mary ,42,8,5,2,1,
951,John leave to_inf Mary wants ,42,8,5,2,1,
952,wants John Mary to_inf leave ,42,8,5,2,1,
953,wants John Mary leave to_inf ,42,8,5,2,1,
954,wants John to_inf Mary leave ,42,8,5,2,1,
955,wants John to_inf leave Mary ,42,8,5,2,1,
956,wants John leave Mary to_inf ,42,8,5,2,1,
957,wants John leave to_inf Mary ,42,8,5,2,1,
958,wants Mary John to_inf leave ,42,8,5,2,1,
959,wants Mary John leave to_inf ,42,8,5,2,1,
960,wants Mary to_inf John leave ,42,8,5,2,1,
961,wants Mary to_inf leave John ,42,8,5,2,1,
962,wants Mary leave John to_inf ,42,8,5,2,1,
963,wants Mary leave to_inf John ,42,8,5,2,1,
964,wants to_inf John Mary leave ,42,8,5,2,1,
965,wants to_inf John leave Mary ,42,8,5,2,1,
966,wants to_inf Mary John leave ,42,8,5,2,1,
967,wants to_inf Mary leave John ,42,8,5,2,1,
968,wants to_inf leave John Mary ,42,8,5,2,1,
969,wants to_inf leave Mary John ,42,8,5,2,1,
970,wants leave John Mary to_inf ,42,8,5,2,1,
971,wants leave John to_inf Mary ,42,8,5,2,1,
972,wants leave Mary John to_inf ,42,8,5,2,1,
973,wants leave Mary to_inf John ,42,8,5,2,1,
974,wants leave to_inf John Mary ,42,8,5,2,1,
975,wants leave to_inf Mary John ,42,8,5,2,1,
976,Mary John wants to_inf leave ,42,8,5,2,1,
977,Mary John wants leave to_inf ,42,8,5,2,1,
978,Mary John to_inf wants leave ,42,8,5,2,1,
979,Mary John to_inf leave wants ,42,8,5,2,1,
980,Mary John leave wants to_inf ,42,8,5,2,1,
981,Mary John leave to_inf wants ,42,8,5,2,1,
982,Mary wants John leave to_inf ,42,8,5,2,1,
983,Mary wants leave John to_inf ,42,8,5,2,1,
984,Mary wants leave to_inf John ,42,8,5,2,1,
985,Mary to_inf John wants leave ,42,8,5,2,1,
986,Mary to_inf John leave wants ,42,8,5,2,1,
987,Mary to_inf wants John leave ,42,8,5,2,1,
988,Mary to_inf wants leave John ,42,8,5,2,1,
989,Mary to_inf leave John wants ,42,8,5,2,1,
990,Mary leave John wants to_inf ,42,8,5,2,1,
991,Mary leave John to_inf wants ,42,8,5,2,1,
992,Mary leave wants John to_inf ,42,8,5,2,1,
993,Mary leave wants to_inf John ,42,8,5,2,1,
994,Mary leave to_inf John wants ,42,8,5,2,1,
995,Mary leave to_inf wants John ,42,8,5,2,1,
996,to_inf John wants Mary leave ,42,8,5,2,1,
997,to_inf John wants leave Mary ,42,8,5,2,1,
998,to_inf John Mary wants leave ,42,8,5,2,1,
999,to_inf John Mary leave wants ,42,8,5,2,1,
1000,to_inf John leave Mary wants ,42,8,5,2,1,
1001,to_inf wants John Mary leave ,42,8,5,2,1,
1002,to_inf wants John leave Mary ,42,8,5,2,1,
1003,to_inf wants Mary John leave ,42,8,5,2,1,
1004,to_inf wants Mary leave John ,42,8,5,2,1,
1005,to_inf wants leave John Mary ,42,8,5,2,1,
1006,to_inf wants leave Mary John ,42,8,5,2,1,
1007,to_inf Mary John wants leave ,42,8,5,2,1,
1008,to_inf Mary John leave wants ,42,8,5,2,1,
1009,to_inf Mary wants John leave ,42,8,5,2,1,
1010,to_inf Mary wants leave John ,42,8,5,2,1,
1011,to_inf Mary leave John wants ,42,8,5,2,1,
1012,to_inf leave John Mary wants ,42,8,5,2,1,
1013,to_inf leave wants John Mary ,42,8,5,2,1,
1014,to_inf leave wants Mary John ,42,8,5,2,1,
1015,to_inf leave Mary John wants ,42,8,5,2,1,
1016,leave John Mary wants to_inf ,42,8,5,2,1,
1017,leave John Mary to_inf wants ,42,8,5,2,1,
1018,leave John to_inf Mary wants ,42,8,5,2,1,
1019,leave wants John Mary to_inf ,42,8,5,2,1,
1020,leave wants John to_inf Mary ,42,8,5,2,1,
1021,leave wants Mary John to_inf ,42,8,5,2,1,
1022,leave wants Mary to_inf John ,42,8,5,2,1,
1023,leave wants to_inf John Mary ,42,8,5,2,1,
1024,leave wants to_inf Mary John ,42,8,5,2,1,
1025,leave Mary John wants to_inf ,42,8,5,2,1,
1026,leave Mary John to_inf wants ,42,8,5,2,1,
1027,leave Mary to_inf John wants ,42,8,5,2,1,
1028,leave to_inf John Mary wants ,42,8,5,2,1,
1029,leave to_inf wants John Mary ,42,8,5,2,1,
1030,leave to_inf wants Mary John ,42,8,5,2,1,
1031,leave to_inf Mary John wants ,42,8,5,2,1,
1032,leave John wants Mary to_inf ,42,8,5,2,1,
1033,leave John wants to_inf Mary ,42,8,5,2,1,
1034,leave John to_inf wants Mary ,42,8,5,2,1,
1035,leave Mary wants John to_inf ,42,8,5,2,1,
1036,leave Mary wants to_inf John ,42,8,5,2,1,
1037,leave Mary to_inf wants John ,42,8,5,2,1,
1038,leave to_inf John wants Mary ,42,8,5,2,1,
1039,leave to_inf Mary wants John ,42,8,5,2,1,
1040,John to_inf leave wants Mary ,42,8,5,2,1,
1041,Mary to_inf leave wants John ,42,8,5,2,1,
1042,to_inf John leave wants Mary ,42,8,5,2,1,
1043,to_inf Mary leave wants John ,42,8,5,2,1,
1044,to_inf leave John wants Mary ,42,8,5,2,1,
1045,John wants to_inf Mary leave ,42,8,5,2,2,
1046,Mary wants to_inf John leave ,42,8,5,2,2,
1047,Pekka haluaa lahtea ,42,8,5,3,0,5939,19,36,23,4,0,0,4,6,9,48,18,8,0,6,55,3,63,0,0,24,6,1979,69,12,60,171
1048,haluaa#C/op Pekka lahtea ,42,8,5,3,0,4209,9,20,22,5,0,0,4,10,13,27,12,4,1,7,26,3,33,0,0,19,5,1403,63,8,58,93
1049,Pekka kaskee Merjan_gen lahtea ,42,8,5,3,0,32266,131,216,106,7,0,0,7,16,19,309,86,48,18,30,353,3,389,0,0,116,26,8066,401,60,427,1296
1050,haluaa Pekka lahtea ,42,8,5,3,1,
1051,haluaa lahtea Pekka ,42,8,5,3,1,
1052,lahtea Pekka haluaa ,42,8,5,3,1,
1053,lahtea haluaa Pekka ,42,8,5,3,1,
1054,haluaa#C/op lahtea Pekka ,42,8,5,3,2,
1055,Pekka kaskee Merjan_gen lahtea ,42,8,5,3,0,32266,131,216,106,7,0,0,7,16,19,309,86,48,18,30,353,3,389,0,0,116,26,8066,401,60,427,1281
1056,Pekka Merjan_gen kaskee lahtea ,42,8,5,3,0,35286,151,250,135,8,0,0,8,53,56,339,100,56,2,13,439,3,451,0,0,113,28,8821,523,72,542,1515
1057,Merjan_gen Pekka kaskee lahtea ,42,8,5,3,0,35331,151,250,135,11,0,0,11,53,56,342,100,56,2,13,435,3,454,0,0,113,28,8832,546,72,569,1562
1058,Merjan_gen kaskee Pekka lahtea ,42,8,5,3,0,31521,131,216,106,6,0,0,6,17,21,310,86,48,14,27,352,4,390,0,0,113,26,7880,512,60,582,1265
1059,Merjan_gen kaskee lahtea Pekka ,42,8,5,3,0,39289,124,207,101,5,0,0,5,37,41,376,84,35,42,107,349,4,426,0,0,191,26,9822,583,58,1058,1312
1060,kaskee#C/op Pekka Merjan_gen lahtea ,42,8,5,3,0,17965,65,110,98,10,0,0,8,41,44,158,46,24,16,19,175,3,198,0,0,65,15,4491,293,32,242,796
1061,lahtea#C/op Pekka Merjan_gen kaskee ,42,8,5,3,0,41456,171,281,234,6,0,0,6,145,148,369,111,42,20,28,512,3,534,0,0,139,15,10364,662,97,376,1984
1062,Merjan_gen lahtea kaskee Pekka ,42,8,5,3,0,31002,92,158,82,8,0,1,6,24,29,286,67,1,37,88,270,5,329,0,0,155,20,7750,428,47,800,1062
1063,Pekka Merjan_gen lahtea kaskee ,42,8,5,3,0,36048,158,262,152,14,0,3,8,62,66,339,105,23,6,21,453,4,469,0,0,126,14,9012,503,91,501,1609
1064,Merjan_gen lahtea Pekka kaskee ,42,8,5,3,1,
1065,Pekka kaskee lahtea Merjan_gen ,42,8,5,3,1,
1066,Pekka lahtea kaskee Merjan_gen ,42,8,5,3,1,
1067,Pekka lahtea Merjan_gen kaskee ,42,8,5,3,1,
1068,kaskee Pekka Merjan_gen lahtea ,42,8,5,3,1,
1069,kaskee Pekka lahtea Merjan_gen ,42,8,5,3,1,
1070,kaskee Merjan_gen Pekka lahtea ,42,8,5,3,1,
1071,kaskee Merjan_gen lahtea Pekka ,42,8,5,3,1,
1072,kaskee lahtea Pekka Merjan_gen ,42,8,5,3,1,
1073,kaskee lahtea Merjan_gen Pekka ,42,8,5,3,1,
1074,Merjan_gen Pekka lahtea kaskee ,42,8,5,3,1,
1075,lahtea Pekka kaskee Merjan_gen ,42,8,5,3,1,
1076,lahtea Pekka Merjan_gen kaskee ,42,8,5,3,1,
1077,lahtea kaskee Pekka Merjan_gen ,42,8,5,3,1,
1078,lahtea kaskee Merjan_gen Pekka ,42,8,5,3,1,
1079,lahtea Merjan_gen Pekka kaskee ,42,8,5,3,1,
1080,lahtea Merjan_gen kaskee Pekka ,42,8,5,3,1,
1081,istuu#foc Pekka ,42,9,1,1,0,1951,1,5,5,1,0,0,1,4,5,6,5,0,1,7,5,1,8,0,0,12,3,975,15,3,13,15
1082,istuu#C/op Pekka ,42,9,1,1,0,1976,1,5,5,1,0,0,1,4,5,6,5,0,1,7,5,1,8,0,0,12,3,988,15,3,13,15
1083,ihailee#foc Pekka Merjaa ,42,9,1,1,0,4801,6,16,10,3,0,0,3,8,10,23,11,0,0,19,19,2,25,0,0,30,5,1600,51,7,86,93
1084,ihailee#C/op Pekka Merjaa ,42,9,1,1,0,4826,6,16,10,3,0,0,3,8,10,23,11,0,0,19,19,2,25,0,0,30,5,1608,51,7,86,78
1085,myi#foc Pekka omaisuutensa ,42,9,1,1,0,4161,6,16,10,3,0,0,3,8,10,23,11,0,0,10,19,2,25,0,0,21,5,1387,51,7,86,93
1086,myi#C/op Pekka omaisuutensa ,42,9,1,1,0,4186,6,16,10,3,0,0,3,8,10,23,11,0,0,10,19,2,25,0,0,21,5,1395,51,7,86,78
1087,antoi#foc Pekka avaimen Merjalle ,42,9,1,1,0,24116,101,173,95,5,0,0,5,18,21,289,73,0,27,10,281,3,317,0,0,83,12,6029,510,62,976,1468
1088,antoi#C/op Pekka avaimen Merjalle ,42,9,1,1,0,24141,101,173,95,5,0,0,5,18,21,289,73,0,27,10,281,3,317,0,0,83,12,6035,510,62,976,1500
1089,ei#C/op Pekka ihaile Merjaa ,42,9,1,2,0,48929,144,241,151,18,0,1,16,104,106,367,98,0,31,151,429,2,472,0,0,249,29,12232,593,70,974,1484
1090,ei#C/op Pekan_gen taydy ihailla Merjaa ,42,9,1,2,0,372797,1222,1934,1237,125,0,16,93,650,656,3107,713,169,302,1039,3696,6,3988,0,0,1752,187,74559,5143,527,7755,15437
1091,ei#C/op Pekka halua ihailla Merjaa ,42,9,1,2,0,830512,2747,4363,2811,311,0,32,247,1304,1308,6950,1617,393,578,2359,8008,4,8676,0,0,3976,421,166102,11544,1197,20074,37515
1092,ei#C/op Pekka ollut ihaillut Merjaa ,42,9,1,2,0,164200,525,831,510,76,0,3,70,422,424,1366,307,0,144,457,1606,2,1764,0,0,764,83,32840,2412,225,4262,7093
1093,ei#C/op Pekka myynyt omaisuuttaan ,42,9,1,2,0,44589,144,241,151,18,0,1,16,104,106,367,98,0,31,37,429,2,472,0,0,135,29,11147,593,70,974,1546
1094,ei#C/op Pekan_gen taydy myyda omaisuuttaan ,42,9,1,2,0,339472,1222,1934,1237,125,0,16,93,650,656,3107,713,169,302,179,3696,6,3988,0,0,892,187,67894,5143,527,7755,14875
1095,ei#C/op Pekka halua myyda omaisuuttaan ,42,9,1,2,0,753687,2747,4363,2811,311,0,32,247,1304,1308,6950,1617,393,578,399,8008,4,8676,0,0,2016,421,150737,11544,1197,20074,36265
1096,ei#C/op Pekka ollut myynyt omaisuuttaan ,42,9,1,2,0,150975,525,831,510,76,0,3,70,422,424,1366,307,0,144,97,1606,2,1764,0,0,404,83,30195,2412,225,4262,6781
1097,taytyy#C/op Pekan_gen ihailla Merjaa ,42,9,1,3,0,50151,151,251,207,34,0,3,18,90,95,379,101,26,33,151,425,5,461,0,0,252,29,12537,668,73,884,1968
1098,taytyy#C/op Pekan_gen myyda omaisuuttaan ,42,9,1,3,0,45101,151,251,207,34,0,3,18,90,95,379,101,26,33,31,425,5,461,0,0,132,29,11275,668,73,884,1734
1099,haluaa#C/op Pekka ihailla Merjaa ,42,9,1,4,0,48654,144,243,211,33,0,1,22,76,80,361,100,21,20,151,402,4,438,0,0,251,29,12163,675,72,955,1921
1100,haluaa#C/op Pekka myyda omaisuuttaan ,42,9,1,4,0,43454,144,243,211,33,0,1,22,76,80,361,100,21,20,31,402,4,438,0,0,131,29,10863,675,72,955,1828
1101,on'#C/op Pekka ihaillut Merjaa ,42,9,1,5,0,49399,144,242,181,19,0,1,17,103,106,363,99,0,20,153,424,3,465,0,0,252,29,12349,645,71,1024,1796
1102,on'#C/op Pekka myynyt omaisuuttaan ,42,9,1,5,0,44639,144,242,181,19,0,1,17,103,106,363,99,0,20,37,424,3,465,0,0,136,29,11159,645,71,1024,1718
1103,ihailee#C/fin Pekka Merjaa ,42,9,1,6,0,4691,6,16,10,3,0,0,3,8,10,23,11,0,0,18,19,2,25,0,0,29,5,1563,55,7,96,125
1104,ei#C/fin Pekka ihaile Merjaa ,42,9,1,6,0,48789,144,241,151,16,0,0,16,104,106,367,98,0,31,150,429,2,472,0,0,248,29,12197,640,70,1094,1515
1105,taytyy#C/fin Pekan_gen ihailla Merjaa ,42,9,1,6,0,50011,151,251,207,32,0,2,18,90,95,379,101,26,33,150,425,5,461,0,0,251,29,12502,715,73,1003,1859
1106,haluaa#C/fin Pekka ihailla Merjaa ,42,9,1,6,0,48514,144,243,211,31,0,0,22,76,80,361,100,21,20,150,402,4,438,0,0,250,29,12128,722,72,1074,1875
1107,on'#C/fin Pekka ihaillut Merjaa ,42,9,1,6,0,28932,82,142,74,9,0,0,9,28,31,210,61,0,1,92,247,3,270,0,0,153,19,7233,343,42,649,1046
1108,myi#C/fin Pekka omaisuuttaan ,42,9,1,6,0,4051,6,16,10,3,0,0,3,8,10,23,11,0,0,9,19,2,25,0,0,20,5,1350,55,7,96,78
1109,ei#C/fin Pekka myynyt omaisuuttaan ,42,9,1,6,0,44449,144,241,151,16,0,0,16,104,106,367,98,0,31,36,429,2,472,0,0,134,29,11112,640,70,1094,1531
1110,taytyy#C/fin Pekan_gen myyda omaisuuttaan ,42,9,1,6,0,44961,151,251,207,32,0,2,18,90,95,379,101,26,33,30,425,5,461,0,0,131,29,11240,715,73,1003,1796
1111,haluaa#C/fin Pekka myyda omaisuuttaan ,42,9,1,6,0,43314,144,243,211,31,0,0,22,76,80,361,100,21,20,30,402,4,438,0,0,130,29,10828,722,72,1074,1828
1112,on'#C/fin Pekka myynyt omaisuuttaan ,42,9,1,6,0,26137,82,142,74,9,0,0,9,28,31,210,61,0,1,25,247,3,270,0,0,86,19,6534,343,42,649,984
1113,does#C/fin John admire' Mary ,42,9,1,6,0,18995,65,108,66,0,0,0,0,38,40,156,44,0,17,55,176,2,192,0,0,99,14,4748,177,30,12,656
1114,ihailee Pekka Merjaa ,42,9,1,1,1,
1115,ei Pekka ihaile Merjaa ,42,9,1,1,1,
1116,taytyy Pekan_genn ihailla Merjaa ,42,9,1,1,1,
1117,haluaa Pekka ihailla Merjaa ,42,9,1,1,1,
1118,ihailee Pekka ihailee Merjaa ,42,9,1,1,1,
1119,on' Pekka ihaillut Merjaa ,42,9,1,1,1,
1120,myi Pekka omaisuutensa ,42,9,1,1,1,
1121,admire'#C/fin John does Mary ,42,9,1,1,1,
1122,ihaile#C/op Pekka ei Merjaa ,42,9,2,1,0,9605,20,39,18,3,0,0,3,22,24,69,20,0,15,32,71,2,88,0,0,52,9,2401,120,12,241,250
1123,ihaillut#C/op Pekka on' Merjaa ,42,9,2,2,0,32091,91,153,96,7,0,0,7,74,77,275,64,0,6,100,279,3,322,0,0,164,21,8022,537,44,1024,1218
1124,myynyt#C/op Pekka on' omaisuutensa ,42,9,2,2,0,29361,91,153,96,5,0,0,5,74,77,279,64,0,5,26,280,3,325,0,0,90,21,7340,566,44,1096,1250
1125,ihailla#C/op Pekka haluaa Merjaa ,42,9,2,3,0,48964,144,243,209,9,0,1,7,66,70,360,100,29,16,152,425,4,464,0,0,252,29,12241,673,72,857,2000
1126,myyda#C/op Pekka haluaa omaisuutensa ,42,9,2,3,0,47081,151,252,242,9,0,1,7,88,92,439,102,36,14,32,454,4,524,0,0,134,29,11770,1072,74,1671,2171
1127,ihailla#C/op Pekan_gen taytyy Merjaa ,42,9,2,4,0,24875,65,110,102,4,0,0,4,50,55,191,46,18,40,68,230,5,257,0,0,114,15,6218,332,32,365,906
1128,myyda#C/op Pekan_gen taytyy omaisuutensa ,42,9,2,4,0,23400,65,110,102,0,0,0,0,54,59,203,46,18,53,18,230,5,268,0,0,64,15,5850,454,32,693,921
1129,ihaile#C/op Merjaa ei Pekka ,42,9,2,5,0,9135,20,39,18,3,0,0,3,21,24,66,20,0,11,29,72,3,87,0,0,49,9,2283,92,12,158,218
1130,ihaillut#C/op Merjaa on' Pekka ,42,9,2,5,0,30116,91,153,96,26,0,2,22,74,78,255,64,0,5,86,273,4,313,0,0,150,21,7529,466,44,789,1171
1131,ihailla#C/op Merjaa haluaa Pekka ,42,9,2,5,0,47104,144,243,209,25,0,0,23,75,80,438,100,29,13,129,430,5,496,0,0,229,29,11776,1005,72,1681,2109
1132,myynyt#C/op omaisuuttaan ei Pekka ,42,9,2,5,0,9070,20,39,18,3,0,0,3,21,24,66,20,0,12,26,72,3,87,0,0,46,9,2267,92,12,158,234
1133,myynyt#C/op omaisuuttaan on' Pekka ,42,9,2,5,0,29776,91,153,96,26,0,2,22,74,78,255,64,0,5,82,273,4,313,0,0,146,21,7444,466,44,789,1156
1134,myyda#C/op omaisuuttaan haluaa Pekka ,42,9,2,5,0,46624,144,243,209,25,0,0,23,75,80,438,100,29,11,124,430,5,496,0,0,224,29,11656,1005,72,1681,2078
1135,taydy#C/op Pekan_gen ei ihailla Merjaa ,42,9,2,6,0,163827,537,847,664,64,0,3,58,362,368,1325,311,74,159,452,1594,6,1715,0,0,763,83,32765,2550,229,3171,6671
1136,taydy#C/op Pekan_gen ei myyda omaisuuttaan ,42,9,2,6,0,149727,537,847,664,64,0,3,58,362,368,1325,311,74,159,82,1594,6,1715,0,0,393,83,29945,2550,229,3171,6468
1137,ihailla#C/op Pekan_gen ei taydy Merjaa ,42,9,2,7,0,71685,215,338,296,12,0,1,10,187,193,635,124,54,139,176,770,6,851,0,0,300,37,14337,1118,88,1429,2890
1138,myyda#C/op Pekan_gen ei taydy omaisuuttaan ,42,9,2,7,0,67215,215,338,296,12,0,1,10,187,193,635,124,54,136,36,770,6,851,0,0,160,37,13443,1118,88,1429,2796
1139,halua#C/op Pekka ei ihailla Merjaa ,42,9,2,8,0,163265,525,833,736,86,0,3,80,331,335,1341,309,67,156,452,1570,4,1719,0,0,761,83,32653,2763,227,3961,7171
1140,ihailla#C/op Pekka ei halua Merjaa ,42,9,2,8,0,160430,525,833,736,23,0,3,17,278,282,1319,309,113,97,452,1585,4,1716,0,0,761,83,32086,2797,227,3889,7375
1141,halua#C/op Pekka ei myyda omaisuuttaan ,42,9,2,8,0,148940,525,833,736,86,0,3,80,331,335,1341,309,67,156,82,1570,4,1719,0,0,391,83,29788,2763,227,3961,7000
1142,myyda#C/op Pekka ei halua omaisuuttaan ,42,9,2,8,0,148155,525,833,736,23,0,3,17,278,282,1319,309,113,92,82,1585,4,1716,0,0,391,83,29631,2797,227,3889,7203
1143,admire' John wants to_inf Mary ,42,9,2,1,1,
1144,to_inf admire' John wants Mary ,42,9,2,1,1,
1145,to_inf John wants admire' Mary ,42,9,2,1,1,
1146,admire'#C/fin John wants to_inf Mary ,42,9,2,1,1,
1147,to_inf#C/fin admire' John wants Mary ,42,9,2,1,1,
1148,to_inf#C/fin John wants admire' Mary ,42,9,2,1,1,
1149,Ungrammatical (Finnish) ,42,9,2,1,1,
1150,ihaile#C/fin Pekka ei Merjaa ,42,9,2,1,1,
1151,ihaillut#C/fin Pekka on' Merjaa ,42,9,2,1,1,
1152,ihailla#C/fin Pekka haluaa Merjaa ,42,9,2,1,1,
1153,ihailla#C/fin Pekan_gen taytyy Merjaa ,42,9,2,1,1,
1154,ihallut#C/fin Pekka ei ollut Merjaa ,42,9,2,1,1,
1155,ihaile Pekka ei Merjaa ,42,9,2,1,1,
1156,ihaillut Pekka on' Merjaa ,42,9,2,1,1,
1157,ihailla Pekka haluaa Merjaa ,42,9,2,1,1,
1158,ihailla Pekan_gen taytyy Merjaa ,42,9,2,1,1,
1159,ihallut Pekka ei ollut Merjaa ,42,9,2,1,1,
1160,myynyt#C/fin Pekka ei omaisuuttaan ,42,9,2,1,1,
1161,myynyt#C/fin Pekka on omaisuuttaan ,42,9,2,1,1,
1162,myyda#C/fin Pekka haluaa omaisuuttaan ,42,9,2,1,1,
1163,myyda#C/fin Pekan_gen taytyy omaisuuttaan ,42,9,2,1,1,
1164,myynyt#C/fin Pekka ei ollut omaisuuttaan ,42,9,2,1,1,
1165,myynyt Pekka ei omaisuuttaan ,42,9,2,1,1,
1166,myynyt Pekka on omaisuuttaan ,42,9,2,1,1,
1167,myyda Pekka haluaa omaisuuttaan ,42,9,2,1,1,
1168,myyda Pekan_gen taytyy omaisuuttaan ,42,9,2,1,1,
1169,myynyt Pekka ei ollut omaisuuttaan ,42,9,2,1,1,
1170,ihailla#C/op Pekka kaskee poikien Merjaa ,42,9,2,1,1,
1171,ihailla Pekka kaskee poikien Merjaa ,42,9,2,1,1,
1172,ihailla#C/fin Pekka kaskee poikien Merjaa ,42,9,2,1,1,
1173,ollut#C/fin Pekka ei ihaillut Merjaa ,42,9,2,1,1,
1174,ollut Pekka ei ihaillut Merjaa ,42,9,2,1,1,
1175,ihaillut#C/op Pekka ei ollut Merjaa ,42,9,2,1,1,
1176,taydy#C/fin Pekan_gen ei ihailla Merjaa ,42,9,2,1,1,
1177,taydy Pekan_gen ei ihailla Merjaa ,42,9,2,1,1,
1178,taydy#C/fin Pekan_gen ei myyda omaisuuttaan ,42,9,2,1,1,
1179,taydy Pekan_gen ei myyda omaisuuttaan ,42,9,2,1,1,
1180,ihailla#C/fin Pekan_gen ei taydy Merjaa ,42,9,2,1,1,
1181,ihailla Pekan_gen ei taydy Merjaa ,42,9,2,1,1,
1182,halua Pekka ei myyda omaisuuttaan ,42,9,2,1,1,
1183,ihailla#C/op Pekka sanoo etta Pekka haluaa Merjaa ,42,9,3,1,0,24434382,86247,131252,108618,6625,0,626,5305,32978,32984,216801,45006,14216,15031,64240,262576,6,284196,0,0,109246,11093,3490626,434654,33890,662374,1801968
1184,lahtea#C/op Pekka sanoo etta Pekan_gen taytyy ,42,9,3,1,0,
1185,haluaa#C/op Pekka sanoo etta ihailla Merjaa ,42,9,3,1,1,
1186,ihailee#C/op Pekka sanoo etta Merjaa ,42,9,3,1,1,
1187,taytyy#C/op Pekka sanoo etta Pekan_gen ihailla Merjaa ,42,9,3,1,1,
1188,haluaa#C/op Pekka sanoo etta myyda omaisuutensa ,42,9,3,1,1,
1189,myi#C/op Pekka sanoo etta omaisuutensa ,42,9,3,1,1,
1190,taytyy#C/op Pekka sanoo etta Pekan_gen myyda omaisuutensa ,42,9,3,1,1,
1191,ihailla#C/fin Pekka sanoo etta haluaa Merjaa ,42,9,3,1,1,
1192,lahtea#C/fin Pekka sanoo etta Pekan_gen taytyy ,42,9,3,1,1,
1193,ihailla Pekka sanoo etta haluaa Merjaa ,42,9,3,1,1,
1194,lahtea Pekka sanoo etta Pekan_genan taytyy ,42,9,3,1,1,
1195,haluaa#C/fin Pekka sanoo etta myyda omaisuutensa ,42,9,3,1,1,
1196,myi#C/fin Pekka sanoo etta omaisuutensa ,42,9,3,1,1,
1197,taytyy#C/fin Pekka sanoo etta Pekan_gen myyda omaisuutensa ,42,9,3,1,1,
1198,haluaa Pekka sanoo etta myyda omaisuutensa ,42,9,3,1,1,
1199,myi Pekka sanoo etta omaisuutensa ,42,9,3,1,1,
1200,taytyy Pekka sanoo etta Pekan_gen myyda omaisuutensa ,42,9,3,1,1,
1201,ihailemalla#C/op Pekka istuu Merjaa ,42,9,4,1,1,
1202,ihailla#C/op sopimus Merjaa istuu ,42,9,4,2,1,
1203,ihailla#C/op Pekka teki sopimuksen Merjaa ,42,9,4,3,1,
1204,C/fin Pekka ihailee#C/op Merjaa ,42,9,5,1,1,
1205,C/fin Pekka ei#C/op ihaile Merjaa ,42,9,5,1,1,
1206,C/fin Pekka on'#C/op ihaillut Merjaa ,42,9,5,1,1,
1207,C/fin Pekka ei#C/op ollut ihaillut Merjaa ,42,9,5,1,1,
1208,C/fin Pekka haluaa#C/op ihailla Merjaa ,42,9,5,1,1,
1209,C/fin Pekan_genn taytyy#C/op ihailla Merjaa ,42,9,5,1,1,
1210,C/fin Pekan_gen ei#C/op taydy ihailla Merjaa ,42,9,5,1,1,
1211,C/fin Pekka ei#C/op halua ihailla Merjaa ,42,9,5,1,1,
1212,C/fin Pekka sanoo#C/op etta haluaa ihailla Merjaa ,42,9,5,1,1,
1213,C/fin Pekka kaskee#C/op poikien ihailla Merjaa ,42,9,5,1,1,
1214,C/fin Pekka istuu#C/op ihailemalla Merjaa ,42,9,5,1,1,
1215,C/fin Pekka istuu#C/op haluamalla ihailla Merjaa ,42,9,5,1,1,
1216,C/fin Pekka teki#C/op sopimuksen ihailla Merjaa ,42,9,5,1,1,
1217,Pekka ei ihaile#C/op Merjaa ,42,9,5,1,1,
1218,Pekka on' ihaillut#C/op Merjaa ,42,9,5,1,1,
1219,Pekka ei ollut#C/op ihaillut Merjaa ,42,9,5,1,1,
1220,Pekka haluaa ihailla#C/op Merjaa ,42,9,5,1,1,
1221,Pekan_gen taytyy ihailla#C/op Merjaa ,42,9,5,1,1,
1222,Pekan_gen ei taydy#C/op ihailla Merjaa ,42,9,5,1,1,
1223,Pekka ei halua#C/op ihailla Merjaa ,42,9,5,1,1,
1224,Pekka kaskee poikien ihailla#C/op Merjaa ,42,9,5,1,1,
1225,Pekka ei ollut ihaillut#C/op Merjaa ,42,9,5,1,1,
1226,Pekan_gen ei taydy ihailla#C/op Merjaa ,42,9,5,1,1,
1227,Pekka ei halua ihailla#C/op Merjaa ,42,9,5,1,1,
1228,Pekka sanoo etta haluaa ihailla#C/op Merjaa ,42,9,5,1,1,
1229,Pekka istuu ihailemalla#C/op Merjaa ,42,9,5,1,1,
1230,Pekka istuu haluamalla ihailla#C/op Merjaa ,42,9,5,1,1,
1231,Pekka teki sopimuksen ihailla#C/op Merjaa ,42,9,5,1,1,
1232,loro mi=lavano ,42,10,1,1,0,5784,19,36,15,0,0,0,0,7,9,27,18,0,0,33,17,2,21,0,0,51,7,1928,56,12,38,93
1233,mi=lavano ,42,10,1,1,0,1721,1,5,5,0,0,0,0,2,4,3,5,0,0,9,2,2,4,0,0,14,3,860,7,3,3,15
1234,loro la=lavano ,42,10,1,1,0,5784,19,36,15,0,0,0,0,7,9,27,18,0,0,33,17,2,21,0,0,51,7,1928,56,12,38,78
1235,la=lavano ,42,10,1,1,0,1721,1,5,5,0,0,0,0,2,4,3,5,0,0,9,2,2,4,0,0,14,3,860,7,3,3,15
1236,loro lo=lavano ,42,10,1,1,0,5784,19,36,15,0,0,0,0,7,9,27,18,0,0,33,17,2,21,0,0,51,7,1928,56,12,38,93
1237,lo=lavano ,42,10,1,1,0,1721,1,5,5,0,0,0,0,2,4,3,5,0,0,9,2,2,4,0,0,14,3,860,7,3,3,15
1238,loro lavano=mi ,42,10,1,1,1,
1239,lavano=mi ,42,10,1,1,1,
1240,loro=mi lavano ,42,10,1,1,1,
1241,mi=loro lavano ,42,10,1,1,1,
1242,loro lavano mi ,42,10,1,1,1,
1243,loro mi=lavano Luisa ,42,10,1,1,1,
1244,io mi=lavano ,42,10,1,1,1,
1245,loro mi=hanno lavato ,42,10,2,1,0,36191,171,280,137,1,0,0,1,73,76,338,110,0,10,39,468,3,487,0,0,149,15,9047,475,96,390,1890
1246,loro la=hanno lavata ,42,10,2,1,0,38991,171,280,137,1,0,0,1,73,76,338,110,0,10,69,468,3,487,0,0,179,15,9747,475,96,390,1859
1247,mi=hanno lavato ,42,10,2,1,0,6743,23,42,29,1,0,0,1,18,21,50,20,0,4,13,66,3,72,0,0,33,5,2247,73,16,70,265
1248,la=hanno lavata ,42,10,2,1,0,7303,23,42,29,1,0,0,1,18,21,50,20,0,4,19,66,3,72,0,0,39,5,2434,73,16,70,234
1249,lo=hanno lavato ,42,10,2,1,0,6743,23,42,29,1,0,0,1,18,21,50,20,0,4,13,66,3,72,0,0,33,5,2247,73,16,70,265
1250,loro hanno mi=lavato ,42,10,2,1,1,
1251,loro hanno la=lavato ,42,10,2,1,1,
1252,hanno mi=lavato ,42,10,2,1,1,
1253,io sono=mi lavato ,42,10,2,1,1,
1254,loro hanno lo=lavato ,42,10,2,1,1,
1255,hanno lo=lavato ,42,10,2,1,1,
1256,hanno la=lavato ,42,10,2,1,1,
1257,loro hanno lavato=mi ,42,10,2,1,1,
1258,loro hanno lavato=la ,42,10,2,1,1,
1259,loro hanno lavato=lo ,42,10,2,1,1,
1260,mi=io sono lavato ,42,10,2,1,1,
1261,io=mi sono lavato ,42,10,2,1,1,
1262,loro=mi hanno lavato ,42,10,2,1,1,
1263,la=io sono lavato ,42,10,2,1,1,
1264,io=la sono lavato ,42,10,2,1,1,
1265,loro=la hanno lavato ,42,10,2,1,1,
1266,lo=io sono lavato ,42,10,2,1,1,
1267,io=lo sono lavato ,42,10,2,1,1,
1268,loro=lo hanno lavato ,42,10,2,1,1,
1269,mi=loro hanno lavato ,42,10,2,1,1,
1270,io sono=la lavata ,42,10,2,1,1,
1271,io sono=lo lavato ,42,10,2,1,1,
1272,loro mi=devono lavare ,42,10,2,2,0,33091,171,280,137,1,0,0,1,73,76,338,110,51,9,19,423,3,451,0,0,129,15,8272,464,96,424,1625
1273,loro devono lavare=mi ,42,10,2,2,0,33906,171,280,143,4,0,0,4,84,87,348,110,60,9,20,429,3,458,0,0,130,16,8476,529,96,484,1609
1274,loro la=devono lavare ,42,10,2,2,0,33091,171,280,137,1,0,0,1,73,76,338,110,51,9,19,423,3,451,0,0,129,15,8272,464,96,424,1609
1275,loro devono lavare=la ,42,10,2,2,0,33906,171,280,143,4,0,0,4,84,87,348,110,60,9,20,429,3,458,0,0,130,16,8476,529,96,484,1625
1276,loro lo=devono lavare ,42,10,2,2,0,33091,171,280,137,1,0,0,1,73,76,338,110,51,9,19,423,3,451,0,0,129,15,8272,464,96,424,1625
1277,loro devono lavare=lo ,42,10,2,2,0,33906,171,280,143,4,0,0,4,84,87,348,110,60,9,20,429,3,458,0,0,130,16,8476,529,96,484,1625
1278,mi=devono lavare ,42,10,2,2,0,6238,23,42,29,1,0,0,1,18,21,50,20,8,4,9,58,3,68,0,0,29,5,2079,77,16,82,234
1279,devono lavare=mi ,42,10,2,2,0,6198,23,42,27,1,0,0,1,18,21,48,20,9,4,9,56,3,65,0,0,29,5,2066,78,16,68,203
1280,la=devono lavare ,42,10,2,2,0,6238,23,42,29,1,0,0,1,18,21,50,20,8,4,9,58,3,68,0,0,29,5,2079,77,16,82,234
1281,devono lavare=la ,42,10,2,2,0,6198,23,42,27,1,0,0,1,18,21,48,20,9,4,9,56,3,65,0,0,29,5,2066,78,16,68,203
1282,lo=devono lavare ,42,10,2,2,0,6238,23,42,29,1,0,0,1,18,21,50,20,8,4,9,58,3,68,0,0,29,5,2079,77,16,82,234
1283,devono lavare=lo ,42,10,2,2,0,6198,23,42,27,1,0,0,1,18,21,48,20,9,4,9,56,3,65,0,0,29,5,2066,78,16,68,203
1284,loro devono mi=lavare ,42,10,2,2,1,
1285,loro devono la=lavare ,42,10,2,2,1,
1286,loro devono lo=lavare ,42,10,2,2,1,
1287,loro=la devono lavare ,42,10,2,2,1,
1288,loro=lo devono lavare ,42,10,2,2,1,
1289,loro=mi devono lavare ,42,10,2,2,1,
1290,devono mi=lavare loro ,42,10,2,2,1,
1291,devono la=lavare loro ,42,10,2,2,1,
1292,devono lo=lavare loro ,42,10,2,2,1,
1293,devono lavare loro=la ,42,10,2,2,1,
1294,devono lavare loro=lo ,42,10,2,2,1,
1295,devono lavare loro=mi ,42,10,2,2,1,
1296,loro mi=stanno lavando ,42,10,2,3,0,33276,171,280,137,1,0,0,1,69,72,338,110,51,9,19,423,3,451,0,0,129,15,8319,452,96,424,1578
1297,mi=stanno lavando ,42,10,2,3,0,6253,23,42,29,1,0,0,1,17,20,50,20,8,4,9,58,3,68,0,0,29,5,2084,76,16,82,218
1298,la=stanno lavando ,42,10,2,3,0,6253,23,42,29,1,0,0,1,17,20,50,20,8,4,9,58,3,68,0,0,29,5,2084,76,16,82,218
1299,lo=stanno lavando ,42,10,2,3,0,6253,23,42,29,1,0,0,1,17,20,50,20,8,4,9,58,3,68,0,0,29,5,2084,76,16,82,234
1300,loro stanno lavando=mi ,42,10,2,3,0,34081,171,280,143,4,0,0,4,74,77,348,110,60,9,20,429,3,458,0,0,130,16,8520,509,96,484,1593
1301,stanno lavando=mi ,42,10,2,3,0,6228,23,42,27,1,0,0,1,16,19,48,20,9,4,9,56,3,65,0,0,29,5,2076,76,16,68,203
1302,stanno lavando=la ,42,10,2,3,0,6228,23,42,27,1,0,0,1,16,19,48,20,9,4,9,56,3,65,0,0,29,5,2076,76,16,68,203
1303,stanno lavando=lo ,42,10,2,3,0,6228,23,42,27,1,0,0,1,16,19,48,20,9,4,9,56,3,65,0,0,29,5,2076,76,16,68,203
1304,loro stanno mi=lavando ,42,10,2,3,1,
1305,stanno mi=lavando ,42,10,2,3,1,
1306,stanno la=lavando ,42,10,2,3,1,
1307,stanno lo=lavando ,42,10,2,3,1,
1308,loro=mi stanno lavando ,42,10,2,3,1,
1309,loro=la stanno lavando ,42,10,2,3,1,
1310,loro=lo stanno lavando ,42,10,2,3,1,
1311,loro mi=hanno voluto lavare ,42,10,3,1,0,616398,3303,5244,3198,10,0,0,10,1542,1547,6640,1942,1191,185,39,9196,5,9220,0,0,1981,187,123279,7885,1756,4811,50890
1312,loro hanno voluto lavare=mi ,42,10,3,1,0,349255,1865,2966,1511,35,0,0,35,780,786,3810,1102,632,99,136,4843,6,5002,0,0,1238,132,69851,5339,984,4977,23812
1313,mi=hanno voluto lavare ,42,10,3,1,0,79486,391,642,487,3,0,0,3,268,273,806,252,150,67,13,1105,5,1113,0,0,265,29,19871,984,224,708,5109
1314,hanno voluto lavare=mi ,42,10,3,1,0,65461,331,545,300,7,0,0,7,167,173,674,215,115,29,35,832,6,865,0,0,250,30,16365,958,187,857,3921
1315,loro hanno mi=voluto lavare ,42,10,3,1,1,
1316,loro hanno voluto mi=lavare ,42,10,3,1,1,
1317,loro=mi hanno voluto lavare ,42,10,3,1,1,
1318,mi=loro hanno voluto lavere ,42,10,3,1,1,
1319,hanno mi=voluto lavare ,42,10,3,1,1,
1320,hanno voluto mi=lavare ,42,10,3,1,1,
1321,loro mi=hanno lavato ,42,10,4,1,0,36191,171,280,137,1,0,0,1,73,76,338,110,0,10,39,468,3,487,0,0,149,15,9047,475,96,390,1921
1322,loro la=hanno lavato ,42,10,4,1,1,
1323,loro mi=hanno lavata ,42,10,4,1,1,
1324,loro lo=hanno lavata ,42,10,4,1,1,
1325,la=hanno lavato ,42,10,4,1,1,
1326,mi=hanno lavata ,42,10,4,1,1,
1327,lo=hanno lavata ,42,10,4,1,1,
1328,loro gli=lavano Luisa ,42,10,5,1,0,
1329,gli=lavano Luisa ,42,10,5,1,0,
1330,loro gli=la=hanno lavata ,42,10,5,1,0,695523,3303,5244,2471,63,0,0,63,1177,1180,6539,1942,0,229,1021,9077,3,9278,0,0,2963,187,139104,9285,1756,8626,45484
1331,gli=la=hanno lavata ,42,10,5,1,0,90226,391,642,380,10,0,0,10,210,213,784,252,0,64,154,1075,3,1107,0,0,406,29,22556,1133,224,1137,5062
1332,loro la=gli=hanno lavata ,42,10,5,1,1,
1333,la=gli=hanno lavata ,42,10,5,1,1,
1334,loro hanno gli=la=lavata ,42,10,5,1,1,
1335,hanno gli=la=lavata ,42,10,5,1,1,
1336,loro sembrano lavare=mi ,42,10,6,1,0,34051,171,280,143,4,0,0,4,84,86,349,110,60,11,20,430,2,459,0,0,130,16,8512,532,96,474,1562
1337,Giuseppe spinge Luisa a lavare=lo ,42,10,6,1,0,1522865,8740,13423,6315,510,0,0,510,3347,3351,18691,4684,2898,798,394,21563,4,22139,0,0,5078,467,253810,31967,4241,43289,113796
1338,sembrano lavare=mi ,42,10,6,1,0,6278,23,42,27,1,0,0,1,18,20,48,20,9,4,9,56,2,65,0,0,29,5,2092,80,16,68,187
1339,spinge Luisa a lavare=lo ,42,10,6,1,0,69380,370,592,277,26,0,0,26,152,156,800,223,127,28,30,919,4,953,0,0,253,27,13876,1363,195,1844,4453
1340,loro mi=sembrano lavare ,42,10,6,1,1,
1341,mi=sembrano lavare ,42,10,6,1,1,
1342,io lo=detesto lavare ,42,10,6,1,1,
1343,lo=detesto lavare ,42,10,6,1,1,
1344,Giuseppe lo=spinge Luisa a lavare ,42,10,6,1,1,
1345,lo=spinge Luisa a lavare Giuseppe ,42,10,6,1,1,
1346,io detesto lavare=lo ,42,10,6,1,1,
1347,io mi=lavo ,42,10,7,1,0,5719,19,36,15,0,0,0,0,7,9,27,18,0,0,34,17,2,21,0,0,52,7,1906,56,12,38,93
1348,mi=lavo ,42,10,7,1,0,1646,1,5,5,0,0,0,0,2,4,3,5,0,0,9,2,2,4,0,0,14,3,823,7,3,3,15
1349,tu mi=lavi ,42,10,7,1,0,5719,19,36,15,0,0,0,0,7,9,27,18,0,0,34,17,2,21,0,0,52,7,1906,56,12,38,93
1350,mi=lavi ,42,10,7,1,0,1646,1,5,5,0,0,0,0,2,4,3,5,0,0,9,2,2,4,0,0,14,3,823,7,3,3,15
