#  {'test_corpus_file': 'linear_phase_theory_corpus.txt', 'study_folder': 'study-6-linear-phase-theory', 'author': 'PauliBrattico', 'year': '2020', 'date': 'October', 'datatake_resources': True, 'datatake_resource_sequence': True, 'datatake_timings': True, 'datatake_images': False, 'image_parameter_stop_after_each_image': True, 'image_parameter_show_words': True, 'image_parameter_nolabels': False, 'image_parameter_spellout': False, 'image_parameter_case': False, 'image_parameter_show_sentences': False, 'image_parameter_show_glosses': True}
#  2020-10-24 14:24:37.136977
#  Test sentences from language data working directory\study-6-linear-phase-theory\linear_phase_theory_corpus.txt.
#  Logs into language data working directory\study-6-linear-phase-theory\linear_phase_theory_corpus_log.txt.
#  Lexicon from language data working directory\lexicon.txt.
#  Redundancy rules from language data working directory\redundancy_rules.txt.
#  Universal morphemes from language data working directory\ug_morphemes.txt.
# 
# 
Sentence,Group 0,Group 1,Garden Paths,ms,Merge,ms,Move Head,ms,Move Phrase,ms,A-Move Phrase,ms,A-bar Move Phrase,ms,Move Adjunct,ms,Agree,ms,Transfer,ms,Item streamed into syntax,ms,Feature Processing,ms,Extraposition,ms,Inflection,ms,Failed Transfer,ms,LF recovery,ms,LF test,ms,Filter solution,ms,Rank solution,ms,Lexical retrieval,ms,Morphological decomposition,ms,Execution time (ms)	
1,0,1,0,1,1,5,0,5,0,0,0,5,0,5,0,15,0,5,2,5,2,5,0,5,0,15,0,5,0,15,0,15,1,15,0,5,0,5,2,5,0,5,0
2,0,1,0,1,2,5,0,5,0,0,0,5,0,5,0,15,0,5,5,5,3,5,0,5,0,15,0,5,0,15,0,15,3,15,0,5,2,5,3,5,0,5,15
3,0,1,0,1,3,5,0,5,0,0,0,5,0,5,0,15,0,5,10,5,4,5,0,5,0,15,0,5,0,15,0,15,7,15,0,5,6,5,4,5,0,5,0
4,1,1,0,1,1,5,3,5,1,0,0,5,0,5,1,15,1,5,3,5,4,5,0,5,0,15,6,5,0,15,1,15,5,15,2,5,0,5,10,5,2,5,15
5,1,1,0,1,1,5,3,5,1,0,0,5,0,5,1,15,1,5,3,5,4,5,0,5,0,15,6,5,0,15,1,15,5,15,2,5,0,5,10,5,2,5,15
6,1,1,0,1,1,5,3,5,0,0,0,5,0,5,0,15,1,5,2,5,4,5,0,5,0,15,6,5,0,15,1,15,4,15,2,5,0,5,10,5,2,5,15
7,1,1,0,1,1,5,3,5,0,0,0,5,0,5,0,15,1,5,2,5,4,5,0,5,0,15,6,5,0,15,1,15,4,15,2,5,0,5,10,5,2,5,15
8,1,0
9,1,0
10,1,0
11,1,0
12,1,1,0,1,2,5,7,5,2,0,0,5,0,5,2,15,2,5,6,5,7,5,0,5,0,15,12,5,3,15,2,15,9,15,5,5,0,5,19,5,3,5,31
13,1,1,0,1,2,5,7,5,2,0,0,5,0,5,2,15,2,5,6,5,7,5,0,5,0,15,13,5,3,15,2,15,9,15,5,5,0,5,20,5,3,5,31
14,1,1,1,1,4,5,17,5,5,0,0,5,0,5,5,15,8,5,16,5,9,5,0,5,0,15,8,5,15,15,2,15,24,15,9,5,0,5,17,5,4,5,62
15,1,1,0,1,2,5,7,5,0,0,0,5,0,5,0,15,2,5,4,5,7,5,0,5,0,15,11,5,3,15,2,15,7,15,5,5,0,5,18,5,3,5,31
16,1,1,0,1,2,5,7,5,0,0,0,5,0,5,0,15,2,5,4,5,7,5,0,5,0,15,11,5,3,15,2,15,7,15,5,5,0,5,18,5,3,5,31
17,1,1,0,1,1,5,3,5,0,0,0,5,0,5,0,15,1,5,2,5,5,5,0,5,0,15,6,5,1,15,2,15,3,15,3,5,0,5,11,5,2,5,15
18,1,1,0,1,2,5,7,5,0,0,0,5,0,5,0,15,2,5,4,5,7,5,0,5,0,15,9,5,3,15,2,15,7,15,5,5,0,5,16,5,3,5,31
19,1,0
20,1,0
21,1,0
22,1,0
23,1,0
24,1,0
25,1,0
26,1,1,0,1,3,5,22,5,5,0,0,5,0,5,5,15,6,5,14,5,10,5,0,5,0,15,8,5,3,15,3,15,22,15,7,5,12,5,18,5,4,5,93
27,1,1,0,1,5,5,21,5,0,0,0,5,0,5,0,15,9,5,19,5,10,5,0,5,0,15,10,5,17,15,3,15,31,15,12,5,10,5,20,5,3,5,78
28,1,1,0,1,2,5,3,5,1,0,0,5,0,5,1,15,3,5,6,5,5,5,0,5,1,15,6,5,3,15,1,15,9,15,3,5,0,5,11,5,3,5,15
29,1,1,0,1,2,5,3,5,1,0,0,5,0,5,1,15,3,5,6,5,5,5,0,5,1,15,6,5,3,15,1,15,9,15,3,5,0,5,11,5,3,5,31
30,1,1,0,1,2,5,3,5,1,0,0,5,0,5,1,15,3,5,6,5,5,5,0,5,1,15,6,5,3,15,1,15,9,15,3,5,0,5,11,5,3,5,15
31,1,1,0,1,2,5,3,5,1,0,0,5,0,5,1,15,3,5,6,5,5,5,0,5,1,15,6,5,3,15,1,15,9,15,3,5,0,5,11,5,3,5,15
32,1,1,0,1,2,5,3,5,1,0,0,5,0,5,1,15,3,5,6,5,5,5,0,5,1,15,6,5,3,15,1,15,9,15,3,5,0,5,11,5,3,5,31
33,1,1,0,1,2,5,3,5,1,0,0,5,0,5,1,15,3,5,6,5,5,5,0,5,1,15,6,5,3,15,1,15,9,15,3,5,0,5,11,5,3,5,15
34,1,1,0,1,3,5,9,5,2,0,0,5,0,5,2,15,7,5,10,5,8,5,0,5,1,15,12,5,8,15,2,15,15,15,7,5,0,5,20,5,4,5,46
35,1,1,0,1,3,5,9,5,2,0,0,5,0,5,2,15,7,5,10,5,8,5,0,5,1,15,9,5,8,15,2,15,15,15,7,5,0,5,17,5,4,5,31
36,1,1,0,1,2,5,2,5,0,0,0,5,0,5,0,15,2,5,4,5,4,5,0,5,0,15,5,5,3,15,1,15,7,15,2,5,0,5,9,5,1,5,15
37,1,1,0,1,3,5,2,5,0,0,0,5,0,5,0,15,4,5,8,5,5,5,0,5,1,15,5,5,7,15,2,15,12,15,4,5,0,5,10,5,1,5,31
38,1,1,0,1,4,5,7,5,0,0,0,5,0,5,0,15,6,5,12,5,8,5,0,5,1,15,10,5,12,15,3,15,17,15,9,5,0,5,18,5,3,5,46
39,1,1,0,1,3,5,14,5,0,0,0,5,0,5,0,15,8,5,8,5,9,5,0,5,0,15,11,5,6,15,3,15,14,15,7,5,5,5,20,5,4,5,46
40,1,1,0,1,3,5,14,5,0,0,0,5,0,5,0,15,8,5,8,5,9,5,0,5,0,15,12,5,6,15,3,15,14,15,7,5,5,5,21,5,4,5,62
41,1,1,0,1,4,5,30,5,0,0,0,5,0,5,0,15,17,5,12,5,12,5,4,5,0,15,11,5,12,15,5,15,20,15,12,5,5,5,23,5,5,5,78
42,1,1,0,1,3,5,14,5,0,0,0,5,0,5,0,15,8,5,8,5,9,5,3,5,0,15,9,5,5,15,3,15,13,15,7,5,5,5,18,5,4,5,46
43,1,0
44,1,0
45,1,0
46,1,1,0,1,2,5,5,5,0,0,0,5,0,5,0,15,2,5,4,5,6,5,1,5,0,15,6,5,3,15,4,15,7,15,4,5,0,5,12,5,3,5,31
47,1,1,0,1,3,5,13,5,0,0,0,5,0,5,0,15,4,5,7,5,9,5,3,5,0,15,12,5,7,15,5,15,11,15,8,5,0,5,21,5,4,5,31
48,1,1,0,1,3,5,13,5,0,0,0,5,0,5,0,15,4,5,7,5,9,5,3,5,0,15,7,5,7,15,5,15,11,15,8,5,0,5,16,5,4,5,46
49,1,1,0,1,2,5,2,5,0,0,0,5,0,5,0,15,2,5,4,5,4,5,0,5,0,15,5,5,3,15,1,15,7,15,2,5,0,5,9,5,1,5,15
50,1,1,0,1,3,5,6,5,0,0,0,5,0,5,0,15,4,5,7,5,7,5,0,5,0,15,10,5,7,15,2,15,11,15,6,5,0,5,17,5,3,5,31
51,1,1,0,1,3,5,14,5,0,0,0,5,0,5,0,15,8,5,8,5,9,5,3,5,0,15,9,5,5,15,3,15,13,15,7,5,5,5,18,5,4,5,31
52,1,0
53,1,0
54,1,0
55,1,0
56,1,0
57,1,1,0,1,4,5,17,5,0,0,0,5,0,5,0,15,12,5,12,5,10,5,4,5,1,15,12,5,14,15,6,15,19,15,11,5,0,5,22,5,5,5,78
58,1,1,0,1,4,5,17,5,0,0,0,5,0,5,0,15,12,5,12,5,10,5,4,5,1,15,7,5,14,15,6,15,19,15,11,5,0,5,17,5,5,5,62
59,1,1,0,1,2,5,6,5,3,0,0,5,0,5,3,15,4,5,8,5,6,5,0,5,0,15,7,5,1,15,2,15,12,15,3,5,6,5,13,5,3,5,31
60,1,1,0,1,3,5,14,5,4,0,0,5,0,5,4,15,8,5,12,5,9,5,0,5,0,15,13,5,6,15,3,15,18,15,7,5,5,5,22,5,4,5,62
61,1,1,0,1,2,5,2,5,0,0,0,5,0,5,0,15,2,5,4,5,4,5,0,5,0,15,5,5,3,15,1,15,7,15,2,5,0,5,9,5,1,5,15
62,1,0
63,1,1,0,1,3,5,13,5,0,0,0,5,0,5,0,15,7,5,7,5,9,5,3,5,0,15,9,5,7,15,3,15,11,15,8,5,0,5,18,5,4,5,31
64,1,1,0,1,3,5,10,5,0,0,0,5,0,5,0,15,4,5,7,5,7,5,1,5,0,15,6,5,7,15,4,15,11,15,6,5,0,5,13,5,2,5,31
65,1,1,0,1,4,5,25,5,0,0,0,5,0,5,0,15,8,5,15,5,9,5,1,5,0,15,11,5,7,15,4,15,26,15,7,5,13,5,20,5,3,5,62
66,1,1,1,1,5,5,20,5,0,0,0,5,0,5,0,15,8,5,17,5,10,5,8,5,1,15,11,5,11,15,4,15,23,15,9,5,7,5,21,5,3,5,78
67,1,1,0,1,3,5,19,5,0,0,0,5,0,5,0,15,8,5,8,5,10,5,3,5,0,15,10,5,5,15,4,15,13,15,8,5,5,5,20,5,4,5,46
68,1,0
69,1,1,0,1,3,5,6,5,0,0,0,5,0,5,0,15,4,5,7,5,6,5,1,5,0,15,6,5,7,15,2,15,11,15,5,5,0,5,12,5,2,5,46
70,1,0
71,1,1,0,1,2,5,7,5,2,0,0,5,0,5,2,15,2,5,6,5,7,5,1,5,0,15,6,5,3,15,3,15,9,15,5,5,0,5,13,5,3,5,62
72,1,1,0,1,3,5,15,5,3,0,0,5,0,5,3,15,5,5,12,5,9,5,1,5,2,15,12,5,7,15,3,15,18,15,8,5,0,5,21,5,4,5,46
73,1,1,0,1,3,5,17,5,3,0,0,5,0,5,3,15,4,5,10,5,10,5,3,5,0,15,12,5,7,15,4,15,14,15,9,5,0,5,22,5,4,5,46
74,1,1,0,1,4,5,27,5,4,0,0,5,0,5,4,15,9,5,17,5,12,5,4,5,2,15,17,5,12,15,4,15,24,15,13,5,0,5,29,5,5,5,78
75,1,1,0,1,4,5,27,5,4,0,0,5,0,5,4,15,9,5,17,5,12,5,4,5,2,15,12,5,12,15,4,15,24,15,13,5,0,5,24,5,5,5,78
76,1,1,0,1,4,5,23,5,3,0,0,5,0,5,3,15,12,5,15,5,11,5,4,5,1,15,12,5,14,15,4,15,22,15,12,5,0,5,23,5,5,5,62
77,1,1,0,1,4,5,23,5,3,0,0,5,0,5,3,15,12,5,15,5,11,5,4,5,1,15,7,5,14,15,4,15,22,15,12,5,0,5,18,5,5,5,93
78,1,0
79,1,0
80,1,1,0,1,3,5,13,5,0,0,0,5,0,5,0,15,4,5,7,5,9,5,3,5,0,15,12,5,7,15,5,15,11,15,8,5,0,5,21,5,4,5,46
81,1,1,0,1,3,5,13,5,0,0,0,5,0,5,0,15,4,5,7,5,9,5,3,5,0,15,7,5,7,15,5,15,11,15,8,5,0,5,16,5,4,5,46
82,1,1,0,1,4,5,17,5,0,0,0,5,0,5,0,15,12,5,12,5,10,5,4,5,1,15,12,5,14,15,6,15,19,15,11,5,0,5,22,5,5,5,78
83,1,1,0,1,4,5,17,5,0,0,0,5,0,5,0,15,12,5,12,5,10,5,4,5,1,15,7,5,14,15,6,15,19,15,11,5,0,5,17,5,5,5,62
84,1,1,0,1,3,5,18,5,5,0,0,5,0,5,5,15,8,5,16,5,8,5,0,5,0,15,12,5,9,15,2,15,27,15,4,5,12,5,20,5,4,5,62
85,1,1,0,1,3,5,23,5,4,0,0,5,0,5,4,15,7,5,14,5,9,5,0,5,0,15,11,5,11,15,3,15,24,15,6,5,7,5,20,5,4,5,62
86,1,1,0,1,2,5,6,5,3,0,0,5,0,5,3,15,4,5,8,5,6,5,0,5,0,15,7,5,1,15,3,15,12,15,3,5,5,5,13,5,3,5,78
87,1,1,0,1,3,5,14,5,4,0,0,5,0,5,4,15,8,5,12,5,9,5,0,5,0,15,13,5,5,15,4,15,17,15,7,5,5,5,22,5,4,5,46
88,1,1,0,1,3,5,18,5,5,0,0,5,0,5,5,15,8,5,16,5,8,5,0,5,0,15,12,5,9,15,2,15,27,15,4,5,12,5,20,5,4,5,62
89,1,1,0,1,2,5,6,5,3,0,0,5,0,5,3,15,4,5,8,5,6,5,0,5,0,15,7,5,1,15,2,15,12,15,3,5,5,5,13,5,3,5,46
90,1,0
91,1,0
92,1,0
93,1,1,0,1,1,5,0,5,0,0,0,5,0,5,0,15,0,5,2,5,2,5,0,5,0,15,0,5,1,15,0,15,3,15,0,5,0,5,2,5,0,5,15
94,1,1,0,1,2,5,3,5,0,0,0,5,0,5,0,15,0,5,4,5,4,5,0,5,0,15,0,5,3,15,0,15,6,15,2,5,0,5,4,5,1,5,15
95,1,1,0,1,3,5,7,5,0,0,0,5,0,5,0,15,0,5,8,5,6,5,0,5,1,15,0,5,6,15,0,15,10,15,5,5,0,5,6,5,2,5,15
96,1,1,0,1,3,5,7,5,0,0,0,5,0,5,0,15,0,5,8,5,6,5,0,5,1,15,0,5,6,15,0,15,10,15,5,5,0,5,6,5,2,5,0
97,1,1,0,1,2,5,3,5,0,0,0,5,0,5,0,15,0,5,4,5,4,5,0,5,0,15,0,5,3,15,0,15,6,15,2,5,0,5,4,5,1,5,0
98,1,1,0,1,3,5,7,5,0,0,0,5,0,5,0,15,0,5,7,5,6,5,0,5,0,15,0,5,6,15,0,15,10,15,5,5,0,5,6,5,2,5,0
99,1,0
100,1,0
101,1,0
102,1,0
103,1,0
104,1,0
105,1,1,0,1,4,5,30,5,4,0,0,5,0,5,4,15,6,5,15,5,12,5,4,5,0,15,16,5,15,15,5,15,23,15,13,5,0,5,28,5,5,5,78
106,1,1,0,1,5,5,78,5,7,0,0,5,0,5,7,15,10,5,30,5,15,5,14,5,1,15,12,5,15,15,6,15,44,15,15,5,21,5,27,5,6,5,171
107,1,1,0,1,4,5,35,5,1,0,0,5,0,5,1,15,1,5,18,5,9,5,12,5,0,15,14,5,6,15,4,15,24,15,7,5,15,5,23,5,5,5,78
108,1,1,1,1,2,5,2,5,0,0,0,5,0,5,0,15,1,5,4,5,6,5,0,5,0,15,10,5,1,15,1,15,2,15,2,5,0,5,16,5,2,5,15
109,1,1,1,1,2,5,4,5,0,0,0,5,0,5,0,15,1,5,4,5,4,5,0,5,0,15,5,5,1,15,1,15,6,15,1,5,0,5,9,5,1,5,0
110,1,1,0,1,3,5,15,5,5,0,0,5,0,5,5,15,8,5,19,5,7,5,0,5,4,15,12,5,9,15,1,15,28,15,3,5,13,5,19,5,3,5,62
111,1,1,2,1,7,5,16,5,9,0,0,5,0,5,9,15,14,5,30,5,12,5,0,5,1,15,22,5,16,15,2,15,39,15,10,5,9,5,34,5,5,5,125
112,1,0
113,1,1,0,1,4,5,15,5,6,0,0,5,0,5,6,15,8,5,21,5,9,5,0,5,0,15,13,5,12,15,2,15,31,15,9,5,5,5,22,5,4,5,62
114,1,1,0,1,5,5,38,5,6,0,0,5,0,5,6,15,17,5,23,5,13,5,5,5,0,15,13,5,21,15,6,15,35,15,16,5,5,5,26,5,5,5,125
115,1,1,0,1,5,5,38,5,6,0,0,5,0,5,6,15,17,5,23,5,13,5,5,5,0,15,8,5,21,15,6,15,35,15,16,5,5,5,21,5,5,5,109
116,1,1,0,1,4,5,14,5,0,0,0,5,0,5,0,15,7,5,11,5,9,5,0,5,0,15,11,5,14,15,2,15,20,15,10,5,0,5,20,5,4,5,46
117,2,1,0,1,5,5,21,5,0,0,0,5,0,5,0,15,9,5,19,5,10,5,0,5,0,15,10,5,17,15,3,15,31,15,12,5,10,5,20,5,3,5,109
118,2,1,0,1,7,5,44,5,0,0,0,5,0,5,0,15,14,5,39,5,13,5,0,5,3,15,15,5,24,15,4,15,57,15,17,5,31,5,28,5,4,5,156
119,2,0
120,2,0
121,2,0
122,2,0
123,2,1,0,1,2,5,3,5,0,0,0,5,0,5,0,15,0,5,4,5,4,5,0,5,0,15,0,5,3,15,0,15,6,15,2,5,0,5,4,5,1,5,15
124,2,1,0,1,3,5,7,5,0,0,0,5,0,5,0,15,0,5,7,5,6,5,0,5,0,15,0,5,6,15,0,15,10,15,5,5,0,5,6,5,2,5,15
125,2,1,0,1,1,5,0,5,0,0,0,5,0,5,0,15,0,5,2,5,2,5,0,5,0,15,0,5,1,15,0,15,3,15,0,5,0,5,2,5,0,5,15
126,2,1,0,1,2,5,3,5,0,0,0,5,0,5,0,15,0,5,4,5,4,5,0,5,0,15,0,5,3,15,0,15,6,15,2,5,0,5,4,5,1,5,15
127,2,1,0,1,3,5,7,5,0,0,0,5,0,5,0,15,0,5,8,5,6,5,0,5,1,15,0,5,6,15,0,15,10,15,5,5,0,5,6,5,2,5,15
128,2,1,0,1,3,5,7,5,0,0,0,5,0,5,0,15,0,5,8,5,6,5,0,5,1,15,0,5,6,15,0,15,10,15,5,5,0,5,6,5,2,5,15
129,2,0
130,2,0
131,2,0
132,2,0
133,2,0
134,2,0
135,2,1,0,1,3,5,23,5,4,0,0,5,0,5,4,15,6,5,15,5,9,5,0,5,1,15,12,5,3,15,4,15,24,15,6,5,12,5,21,5,4,5,62
136,2,1,1,1,4,5,27,5,4,0,0,5,0,5,4,15,8,5,19,5,10,5,0,5,2,15,12,5,5,15,4,15,27,15,7,5,9,5,22,5,4,5,78
137,2,1,1,1,4,5,27,5,4,0,0,5,0,5,4,15,8,5,19,5,10,5,0,5,2,15,12,5,5,15,4,15,27,15,7,5,9,5,22,5,4,5,78
138,2,1,0,1,4,5,35,5,5,0,0,5,0,5,5,15,8,5,22,5,12,5,0,5,3,15,18,5,8,15,5,15,30,15,11,5,12,5,30,5,5,5,93
139,2,1,1,1,5,5,20,5,5,0,0,5,0,5,5,15,8,5,21,5,13,5,0,5,0,15,18,5,7,15,3,15,23,15,11,5,3,5,31,5,5,5,78
140,2,1,1,1,7,5,46,5,6,0,0,5,0,5,6,15,11,5,31,5,19,5,7,5,0,15,18,5,15,15,5,15,32,15,20,5,3,5,37,5,7,5,125
141,2,2
142,2,2
143,2,2
144,2,2
145,2,1,1,1,4,5,27,5,4,0,0,5,0,5,4,15,8,5,19,5,10,5,2,5,2,15,12,5,5,15,4,15,27,15,7,5,9,5,22,5,4,5,78
146,2,1,1,1,4,5,27,5,4,0,0,5,0,5,4,15,8,5,19,5,10,5,2,5,2,15,13,5,5,15,4,15,27,15,7,5,9,5,23,5,4,5,78
147,2,1,6,1,11,5,65,5,8,0,0,5,0,5,8,15,19,5,65,5,19,5,7,5,18,15,13,5,38,15,4,15,85,15,14,5,18,5,32,5,6,5,265
148,2,0
149,2,0
150,2,0
151,2,1,1,1,4,5,27,5,4,0,0,5,0,5,4,15,8,5,20,5,10,5,0,5,1,15,13,5,5,15,4,15,27,15,7,5,9,5,23,5,4,5,93
152,2,1,4,1,8,5,32,5,7,0,0,5,0,5,7,15,14,5,44,5,14,5,0,5,9,15,12,5,22,15,3,15,56,15,9,5,14,5,26,5,5,5,140
153,2,1,7,1,11,5,52,5,11,0,0,5,0,5,11,15,23,5,69,5,19,5,0,5,15,15,11,5,36,15,3,15,87,15,13,5,21,5,30,5,6,5,218
154,2,1,7,1,19,5,102,5,13,0,0,5,0,5,13,15,35,5,111,5,43,5,0,5,20,15,59,5,63,15,4,15,116,15,44,5,21,5,102,5,14,5,437
155,2,0
156,2,0
157,2,1,0,1,2,5,6,5,3,0,0,5,0,5,3,15,3,5,8,5,6,5,0,5,0,15,6,5,1,15,2,15,12,15,3,5,3,5,12,5,3,5,31
158,2,0
159,3,1,1,1,3,5,11,5,5,0,0,5,2,5,1,15,2,5,11,5,9,5,0,5,3,15,8,5,7,15,2,15,17,15,6,5,4,5,17,5,3,5,46
160,3,1,0,1,2,5,7,5,2,0,0,5,2,5,0,15,2,5,4,5,7,5,0,5,0,15,13,5,3,15,2,15,7,15,5,5,0,5,20,5,3,5,31
161,3,1,0,1,2,5,7,5,2,0,0,5,2,5,0,15,2,5,4,5,7,5,0,5,0,15,11,5,3,15,2,15,7,15,5,5,0,5,18,5,3,5,31
162,3,1,0,1,3,5,7,5,4,0,0,5,2,5,0,15,4,5,7,5,7,5,0,5,0,15,10,5,7,15,2,15,13,15,6,5,0,5,17,5,3,5,31
163,3,1,0,1,3,5,11,5,4,0,0,5,2,5,0,15,8,5,7,5,8,5,0,5,0,15,11,5,7,15,2,15,13,15,7,5,0,5,19,5,4,5,46
164,3,0
165,3,0
166,3,0
167,3,0
168,3,0
169,3,0
170,3,2,1,1,3,5,11,5,4,0,0,5,1,5,2,15,2,5,12,5,9,5,0,5,3,15,8,5,8,15,2,15,18,15,6,5,4,5,17,5,3,5,46
171,3,1,0,1,5,5,8,5,2,0,0,5,1,5,0,15,7,5,18,5,8,5,0,5,0,15,1,5,9,15,3,15,24,15,6,5,9,5,9,5,2,5,62
172,3,1,4,1,9,5,18,5,15,0,0,5,8,5,1,15,4,5,32,5,13,5,0,5,5,15,4,5,17,15,3,15,40,15,7,5,19,5,17,5,5,5,109
173,3,1,1,1,8,5,23,5,19,0,0,5,14,5,0,15,5,5,29,5,16,5,0,5,1,15,5,5,11,15,6,15,39,15,11,5,25,5,21,5,7,5,125
174,3,0
175,3,0
176,3,0
177,3,0
178,3,1,0,1,7,5,44,5,0,0,0,5,0,5,0,15,14,5,39,5,13,5,0,5,3,15,15,5,24,15,4,15,57,15,17,5,31,5,28,5,4,5,156
179,3,1,1,1,8,5,49,5,0,0,0,5,0,5,0,15,16,5,43,5,16,5,0,5,10,15,4,5,25,15,6,15,43,15,21,5,9,5,20,5,6,5,171
180,3,1,0,1,4,5,35,5,0,0,0,5,0,5,0,15,1,5,17,5,9,5,12,5,0,15,4,5,6,15,5,15,23,15,7,5,15,5,13,5,4,5,78
181,3,1,0,1,3,5,12,5,0,0,0,5,0,5,0,15,9,5,13,5,7,5,0,5,1,15,6,5,3,15,2,15,21,15,4,5,11,5,13,5,3,5,46
182,3,1,0,1,4,5,35,5,5,0,0,5,0,5,5,15,8,5,22,5,12,5,0,5,3,15,18,5,8,15,5,15,30,15,11,5,12,5,30,5,5,5,93
183,3,0
184,3,0
185,3,0
186,3,0
187,3,1,0,1,6,5,15,5,4,0,0,5,2,5,0,15,11,5,22,5,12,5,0,5,0,15,16,5,31,15,3,15,39,15,20,5,0,5,28,5,4,5,78
188,3,1,0,1,5,5,36,5,0,0,0,5,0,5,0,15,14,5,17,5,13,5,0,5,0,15,17,5,21,15,4,15,31,15,16,5,5,5,30,5,5,5,93
189,3,0
190,3,0
191,3,1,0,1,4,5,30,5,4,0,0,5,0,5,4,15,6,5,15,5,12,5,4,5,0,15,11,5,15,15,5,15,23,15,13,5,0,5,23,5,5,5,78
192,3,1,0,1,4,5,20,5,4,0,0,5,0,5,4,15,7,5,18,5,10,5,0,5,3,15,13,5,14,15,2,15,27,15,11,5,0,5,23,5,4,5,62
193,3,0
194,3,0
195,3,1,0,1,4,5,14,5,0,0,0,5,0,5,0,15,7,5,11,5,9,5,0,5,0,15,11,5,14,15,2,15,20,15,10,5,0,5,20,5,4,5,46
196,3,0
197,4,1,0,1,1,5,3,5,1,0,0,5,0,5,1,15,1,5,3,5,4,5,0,5,0,15,6,5,0,15,1,15,5,15,2,5,0,5,10,5,2,5,0
198,4,1,0,1,1,5,3,5,1,0,0,5,0,5,1,15,1,5,3,5,4,5,0,5,0,15,7,5,0,15,1,15,5,15,2,5,0,5,11,5,2,5,15
199,4,1,0,1,2,5,7,5,2,0,0,5,0,5,2,15,2,5,6,5,7,5,0,5,0,15,12,5,3,15,2,15,9,15,5,5,0,5,19,5,3,5,31
200,4,1,0,1,3,5,22,5,5,0,0,5,0,5,5,15,6,5,14,5,10,5,0,5,0,15,8,5,3,15,3,15,22,15,7,5,12,5,18,5,4,5,78
201,4,0
202,4,0
203,4,0
204,4,0
205,4,0
206,4,0
207,4,0
208,4,0
209,4,0
210,4,0
211,4,0
212,4,1,0,1,2,5,7,5,2,0,0,5,0,5,2,15,2,5,6,5,7,5,0,5,0,15,13,5,3,15,2,15,9,15,5,5,0,5,20,5,3,5,15
213,4,1,0,1,2,5,7,5,2,0,0,5,0,5,2,15,2,5,6,5,7,5,0,5,0,15,13,5,3,15,2,15,9,15,5,5,0,5,20,5,3,5,31
214,4,1,0,1,2,5,7,5,2,0,0,5,0,5,2,15,2,5,6,5,7,5,0,5,0,15,12,5,3,15,2,15,9,15,5,5,0,5,19,5,3,5,31
215,4,1,0,1,2,5,7,5,2,0,0,5,0,5,2,15,2,5,6,5,7,5,0,5,0,15,12,5,3,15,2,15,9,15,5,5,0,5,19,5,3,5,31
216,4,1,0,1,2,5,7,5,2,0,0,5,0,5,2,15,2,5,6,5,7,5,0,5,0,15,12,5,3,15,2,15,9,15,5,5,0,5,19,5,3,5,31
217,4,1,0,1,2,5,7,5,2,0,0,5,0,5,2,15,2,5,6,5,7,5,0,5,0,15,11,5,3,15,2,15,9,15,5,5,0,5,18,5,3,5,31
218,4,0
219,4,0
220,4,0
221,4,0
222,4,1,0,1,3,5,9,5,2,0,0,5,0,5,2,15,7,5,10,5,8,5,0,5,1,15,14,5,8,15,2,15,15,15,7,5,0,5,22,5,4,5,15
223,4,0
224,4,0
225,4,0
226,4,0
227,4,1,0,1,2,5,7,5,2,0,0,5,0,5,2,15,2,5,6,5,7,5,0,5,0,15,8,5,3,15,2,15,9,15,5,5,0,5,15,5,3,5,31
228,4,1,0,1,2,5,7,5,2,0,0,5,0,5,2,15,2,5,6,5,7,5,0,5,0,15,8,5,3,15,2,15,9,15,5,5,0,5,15,5,3,5,31
229,4,0
230,4,0
231,4,0
232,4,1,0,1,3,5,14,5,3,0,0,5,0,5,3,15,4,5,10,5,9,5,3,5,0,15,12,5,7,15,3,15,14,15,8,5,0,5,21,5,4,5,46
233,4,1,0,1,3,5,14,5,3,0,0,5,0,5,3,15,4,5,10,5,9,5,3,5,0,15,12,5,7,15,3,15,14,15,8,5,0,5,21,5,4,5,46
234,4,1,0,1,3,5,14,5,3,0,0,5,0,5,3,15,4,5,10,5,9,5,3,5,0,15,12,5,7,15,3,15,14,15,8,5,0,5,21,5,4,5,62
235,4,1,0,1,3,5,14,5,3,0,0,5,0,5,3,15,4,5,10,5,9,5,3,5,0,15,7,5,7,15,3,15,14,15,8,5,0,5,16,5,4,5,46
236,4,1,0,1,3,5,14,5,3,0,0,5,0,5,3,15,4,5,10,5,9,5,3,5,0,15,13,5,7,15,3,15,14,15,8,5,0,5,22,5,4,5,46
237,4,1,0,1,4,5,19,5,3,0,0,5,0,5,3,15,12,5,15,5,10,5,4,5,1,15,11,5,14,15,3,15,22,15,11,5,0,5,21,5,4,5,46
238,4,1,0,1,3,5,14,5,3,0,0,5,0,5,3,15,4,5,10,5,9,5,3,5,0,15,12,5,7,15,3,15,14,15,8,5,0,5,21,5,4,5,46
239,4,0
240,4,0
241,4,0
242,4,0
243,4,1,1,1,2,5,2,5,0,0,0,5,0,5,0,15,1,5,4,5,6,5,0,5,0,15,10,5,1,15,1,15,2,15,2,5,0,5,16,5,2,5,15
244,4,1,1,1,2,5,4,5,0,0,0,5,0,5,0,15,1,5,4,5,4,5,0,5,0,15,5,5,1,15,1,15,6,15,1,5,0,5,9,5,1,5,15
245,4,1,0,1,3,5,15,5,5,0,0,5,0,5,5,15,8,5,19,5,7,5,0,5,4,15,12,5,9,15,1,15,28,15,3,5,13,5,19,5,3,5,62
246,4,1,2,1,7,5,16,5,9,0,0,5,0,5,9,15,14,5,30,5,12,5,0,5,1,15,22,5,16,15,2,15,39,15,10,5,9,5,34,5,5,5,109
247,4,0
248,4,1,0,1,3,5,15,5,3,0,0,5,0,5,3,15,5,5,12,5,9,5,1,5,2,15,12,5,7,15,3,15,18,15,8,5,0,5,21,5,4,5,46
249,4,1,0,1,3,5,18,5,5,0,0,5,0,5,5,15,8,5,16,5,8,5,0,5,0,15,12,5,9,15,2,15,27,15,4,5,12,5,20,5,4,5,46
250,4,1,0,1,3,5,17,5,3,0,0,5,0,5,3,15,4,5,10,5,10,5,3,5,0,15,12,5,7,15,4,15,14,15,9,5,0,5,22,5,4,5,62
251,4,0
252,4,0
253,4,0
254,4,0
255,4,0
256,4,0
257,4,0
258,4,0
259,4,1,0,1,3,5,12,5,1,0,0,5,0,5,1,15,10,5,14,5,7,5,0,5,1,15,10,5,3,15,1,15,22,15,4,5,11,5,17,5,4,5,46
260,4,0
261,4,1,0,1,3,5,1,5,0,0,0,5,0,5,0,15,1,5,12,5,5,5,0,5,0,15,1,5,3,15,3,15,18,15,2,5,10,5,6,5,2,5,15
262,4,1,0,1,3,5,1,5,0,0,0,5,0,5,0,15,1,5,13,5,5,5,0,5,0,15,5,5,3,15,2,15,19,15,2,5,10,5,10,5,3,5,31
263,4,1,0,1,3,5,1,5,0,0,0,5,0,5,0,15,1,5,12,5,5,5,0,5,0,15,2,5,3,15,3,15,18,15,2,5,10,5,7,5,2,5,31
264,4,1,1,1,6,5,24,5,7,0,0,5,0,5,7,15,11,5,26,5,10,5,0,5,0,15,9,5,25,15,2,15,38,15,14,5,0,5,19,5,4,5,78
265,4,1,0,1,5,5,14,5,7,0,0,5,0,5,7,15,12,5,30,5,9,5,0,5,0,15,10,5,20,15,3,15,46,15,8,5,15,5,19,5,6,5,78
266,4,0
267,4,0
268,4,0
269,4,0
270,4,0
271,4,1,1,1,5,5,20,5,5,0,0,5,0,5,5,15,8,5,21,5,13,5,0,5,0,15,7,5,7,15,4,15,23,15,11,5,3,5,20,5,5,5,78
272,4,0
273,4,0
274,4,0
275,4,0
276,4,1,1,1,5,5,8,5,6,0,0,5,0,5,6,15,7,5,21,5,7,5,0,5,3,15,9,5,11,15,1,15,29,15,5,5,5,5,16,5,5,5,62
277,4,1,0,1,3,5,7,5,4,0,0,5,0,5,4,15,5,5,15,5,6,5,0,5,3,15,8,5,8,15,1,15,21,15,4,5,5,5,14,5,3,5,31
278,4,1,0,1,4,5,10,5,4,0,0,5,0,5,4,15,16,5,22,5,7,5,0,5,5,15,8,5,14,15,1,15,32,15,6,5,8,5,15,5,4,5,62
279,4,1,1,1,5,5,14,5,6,0,0,5,0,5,6,15,7,5,21,5,8,5,0,5,3,15,8,5,11,15,2,15,29,15,6,5,5,5,16,5,4,5,78
280,4,1,2,1,8,5,32,5,9,0,0,5,0,5,9,15,12,5,34,5,11,5,0,5,0,15,16,5,23,15,2,15,52,15,11,5,11,5,27,5,7,5,140
281,4,0
282,4,0
283,4,0
284,4,0
285,4,0
286,4,0
287,4,0
288,4,1,0,1,1,5,4,5,1,0,0,5,0,5,1,15,1,5,3,5,5,5,0,5,0,15,7,5,0,15,3,15,5,15,3,5,0,5,12,5,2,5,15
289,4,0
290,4,0
291,4,0
292,4,0
293,4,0
294,4,1,0,1,2,5,7,5,2,0,0,5,0,5,2,15,2,5,6,5,7,5,0,5,0,15,8,5,3,15,2,15,9,15,5,5,0,5,15,5,3,5,31
295,4,1,0,1,2,5,7,5,2,0,0,5,0,5,2,15,2,5,6,5,7,5,0,5,0,15,8,5,3,15,2,15,9,15,5,5,0,5,15,5,3,5,31
296,4,1,0,1,1,5,4,5,1,0,0,5,0,5,1,15,1,5,3,5,5,5,0,5,0,15,3,5,0,15,3,15,5,15,3,5,0,5,8,5,2,5,15
297,4,1,0,1,1,5,3,5,0,0,0,5,0,5,0,15,1,5,2,5,5,5,0,5,0,15,3,5,1,15,3,15,3,15,3,5,0,5,8,5,2,5,0
298,4,0
299,4,0
300,4,1,0,1,2,5,6,5,3,0,0,5,0,5,3,15,3,5,8,5,6,5,0,5,0,15,11,5,1,15,0,15,12,15,3,5,4,5,17,5,3,5,31
301,4,1,0,1,2,5,7,5,1,0,0,5,0,5,1,15,2,5,5,5,7,5,0,5,0,15,6,5,3,15,2,15,6,15,5,5,0,5,13,5,3,5,31
302,4,1,0,1,2,5,7,5,4,0,0,5,0,5,4,15,3,5,9,5,7,5,0,5,0,15,6,5,1,15,1,15,12,15,4,5,5,5,13,5,3,5,31
303,4,0
304,4,0
305,5,1,0,1,2,5,7,5,2,0,0,5,0,5,2,15,2,5,6,5,7,5,0,5,0,15,12,5,3,15,2,15,9,15,5,5,0,5,19,5,3,5,31
306,5,1,0,1,2,5,7,5,2,0,0,5,0,5,2,15,2,5,6,5,7,5,0,5,0,15,12,5,3,15,2,15,9,15,5,5,0,5,19,5,3,5,31
307,5,1,0,1,2,5,7,5,2,0,0,5,0,5,2,15,2,5,6,5,7,5,0,5,0,15,12,5,3,15,2,15,9,15,5,5,0,5,19,5,3,5,31
308,5,1,0,1,2,5,7,5,2,0,0,5,0,5,2,15,2,5,6,5,7,5,0,5,0,15,12,5,3,15,2,15,9,15,5,5,0,5,19,5,3,5,31
309,5,1,0,1,2,5,7,5,2,0,0,5,0,5,2,15,2,5,6,5,7,5,0,5,0,15,12,5,3,15,2,15,9,15,5,5,0,5,19,5,3,5,31
310,5,1,0,1,2,5,7,5,2,0,0,5,0,5,2,15,2,5,6,5,7,5,0,5,0,15,12,5,3,15,2,15,9,15,5,5,0,5,19,5,3,5,31
311,5,1,0,1,2,5,7,5,0,0,0,5,0,5,0,15,2,5,4,5,7,5,0,5,0,15,10,5,3,15,2,15,7,15,5,5,0,5,17,5,3,5,15
312,5,1,0,1,2,5,7,5,0,0,0,5,0,5,0,15,2,5,4,5,7,5,0,5,0,15,10,5,3,15,2,15,7,15,5,5,0,5,17,5,3,5,15
313,5,1,0,1,2,5,7,5,0,0,0,5,0,5,0,15,2,5,4,5,7,5,0,5,0,15,11,5,3,15,2,15,7,15,5,5,0,5,18,5,3,5,15
314,5,1,0,1,2,5,7,5,0,0,0,5,0,5,0,15,2,5,4,5,7,5,0,5,0,15,11,5,3,15,2,15,7,15,5,5,0,5,18,5,3,5,31
315,5,1,0,1,2,5,7,5,0,0,0,5,0,5,0,15,2,5,4,5,7,5,0,5,0,15,11,5,3,15,2,15,7,15,5,5,0,5,18,5,3,5,31
316,5,1,0,1,2,5,7,5,0,0,0,5,0,5,0,15,2,5,4,5,7,5,0,5,0,15,10,5,3,15,2,15,7,15,5,5,0,5,17,5,3,5,31
317,5,1,0,1,2,5,7,5,0,0,0,5,0,5,0,15,2,5,4,5,7,5,0,5,0,15,10,5,3,15,2,15,7,15,5,5,0,5,17,5,3,5,31
318,5,1,0,1,2,5,7,5,0,0,0,5,0,5,0,15,2,5,4,5,7,5,0,5,0,15,10,5,3,15,2,15,7,15,5,5,0,5,17,5,3,5,31
319,5,1,0,1,2,5,9,5,0,0,0,5,0,5,0,15,3,5,5,5,7,5,0,5,0,15,10,5,1,15,2,15,9,15,4,5,5,5,17,5,3,5,78
320,5,1,0,1,2,5,9,5,0,0,0,5,0,5,0,15,3,5,5,5,7,5,0,5,0,15,10,5,1,15,2,15,9,15,4,5,5,5,17,5,3,5,31
321,5,1,0,1,2,5,9,5,0,0,0,5,0,5,0,15,3,5,5,5,7,5,0,5,0,15,11,5,1,15,2,15,9,15,4,5,5,5,18,5,3,5,31
322,5,1,0,1,2,5,9,5,0,0,0,5,0,5,0,15,3,5,5,5,7,5,0,5,0,15,11,5,1,15,2,15,9,15,4,5,5,5,18,5,3,5,31
323,5,1,0,1,2,5,9,5,0,0,0,5,0,5,0,15,3,5,5,5,7,5,0,5,0,15,10,5,1,15,2,15,9,15,4,5,5,5,17,5,3,5,46
324,5,1,0,1,2,5,9,5,0,0,0,5,0,5,0,15,3,5,5,5,7,5,0,5,0,15,10,5,1,15,2,15,9,15,4,5,5,5,17,5,3,5,31
325,5,1,0,1,2,5,9,5,0,0,0,5,0,5,0,15,3,5,5,5,7,5,0,5,0,15,9,5,1,15,2,15,9,15,4,5,5,5,16,5,3,5,31
326,5,0
327,5,0
328,5,0
329,5,0
330,5,0
331,5,0
332,5,0
333,5,0
334,5,0
335,5,0
336,5,0
337,5,0
338,5,0
339,5,0
340,5,0
341,5,0
342,5,0
343,5,0
344,5,0
345,5,0
346,5,0
347,5,0
348,5,0
349,5,0
350,5,0
351,5,0
352,5,0
353,5,0
354,5,0
355,5,0
356,5,0
357,5,0
358,5,0
359,5,0
360,5,0
361,5,0
362,5,1,0,1,2,5,8,5,2,0,0,5,0,5,2,15,2,5,6,5,7,5,0,5,0,15,12,5,3,15,2,15,9,15,5,5,0,5,19,5,3,5,46
363,5,1,0,1,2,5,13,5,1,0,0,5,0,5,1,15,3,5,7,5,7,5,0,5,0,15,12,5,1,15,2,15,13,15,4,5,9,5,19,5,3,5,31
364,5,1,0,1,2,5,8,5,2,0,0,5,0,5,2,15,2,5,6,5,7,5,0,5,0,15,12,5,3,15,2,15,9,15,5,5,0,5,19,5,3,5,31
365,5,1,0,1,2,5,13,5,1,0,0,5,0,5,1,15,3,5,7,5,7,5,0,5,0,15,12,5,1,15,2,15,13,15,4,5,9,5,19,5,3,5,46
366,5,1,0,1,2,5,13,5,1,0,0,5,0,5,1,15,3,5,7,5,7,5,0,5,0,15,12,5,1,15,2,15,13,15,4,5,9,5,19,5,3,5,46
367,5,1,0,1,2,5,8,5,2,0,0,5,0,5,2,15,2,5,6,5,7,5,0,5,0,15,12,5,3,15,2,15,9,15,5,5,0,5,19,5,3,5,31
368,5,1,0,1,2,5,13,5,1,0,0,5,0,5,1,15,3,5,7,5,7,5,0,5,0,15,12,5,1,15,2,15,13,15,4,5,9,5,19,5,3,5,46
369,5,1,0,1,2,5,8,5,2,0,0,5,0,5,2,15,2,5,6,5,7,5,0,5,0,15,12,5,3,15,2,15,9,15,5,5,0,5,19,5,3,5,31
370,5,1,0,1,2,5,7,5,2,0,0,5,0,5,2,15,2,5,6,5,7,5,0,5,0,15,12,5,3,15,2,15,9,15,5,5,0,5,19,5,3,5,31
371,5,1,1,1,3,5,11,5,3,0,0,5,0,5,3,15,2,5,13,5,9,5,0,5,3,15,12,5,8,15,2,15,19,15,6,5,4,5,21,5,3,5,62
372,5,1,1,1,3,5,11,5,3,0,0,5,0,5,3,15,2,5,13,5,9,5,0,5,3,15,12,5,8,15,2,15,19,15,6,5,4,5,21,5,3,5,46
373,5,1,0,1,2,5,9,5,4,0,0,5,0,5,4,15,3,5,9,5,7,5,0,5,0,15,12,5,1,15,2,15,13,15,4,5,5,5,19,5,3,5,31
374,5,1,0,1,2,5,7,5,2,0,0,5,0,5,2,15,2,5,6,5,7,5,0,5,0,15,12,5,3,15,2,15,9,15,5,5,0,5,19,5,3,5,31
375,5,1,1,1,3,5,11,5,3,0,0,5,0,5,3,15,2,5,13,5,9,5,0,5,3,15,12,5,8,15,2,15,19,15,6,5,4,5,21,5,3,5,31
376,5,1,1,1,3,5,11,5,3,0,0,5,0,5,3,15,2,5,13,5,9,5,0,5,3,15,12,5,8,15,2,15,19,15,6,5,4,5,21,5,3,5,46
377,5,1,0,1,2,5,9,5,4,0,0,5,0,5,4,15,3,5,9,5,7,5,0,5,0,15,12,5,1,15,2,15,13,15,4,5,5,5,19,5,3,5,46
378,5,1,0,1,2,5,7,5,2,0,0,5,0,5,2,15,2,5,6,5,7,5,0,5,0,15,12,5,3,15,2,15,9,15,5,5,0,5,19,5,3,5,31
379,5,1,1,1,3,5,11,5,3,0,0,5,0,5,3,15,2,5,13,5,9,5,0,5,3,15,12,5,8,15,2,15,19,15,6,5,4,5,21,5,3,5,46
380,5,1,1,1,3,5,11,5,3,0,0,5,0,5,3,15,2,5,13,5,9,5,0,5,3,15,12,5,8,15,2,15,19,15,6,5,4,5,21,5,3,5,46
381,5,1,0,1,2,5,9,5,4,0,0,5,0,5,4,15,3,5,9,5,7,5,0,5,0,15,12,5,1,15,3,15,13,15,4,5,5,5,19,5,3,5,46
382,5,1,0,1,2,5,7,5,2,0,0,5,0,5,2,15,2,5,6,5,7,5,0,5,0,15,12,5,3,15,2,15,9,15,5,5,0,5,19,5,3,5,31
383,5,1,1,1,3,5,11,5,3,0,0,5,0,5,3,15,2,5,13,5,9,5,0,5,3,15,12,5,8,15,2,15,19,15,6,5,4,5,21,5,3,5,46
384,5,1,1,1,3,5,11,5,3,0,0,5,0,5,3,15,2,5,13,5,9,5,0,5,3,15,12,5,8,15,2,15,19,15,6,5,4,5,21,5,3,5,46
385,5,1,0,1,2,5,9,5,4,0,0,5,0,5,4,15,3,5,9,5,7,5,0,5,0,15,12,5,1,15,2,15,13,15,4,5,5,5,19,5,3,5,46
386,5,1,0,1,2,5,7,5,2,0,0,5,0,5,2,15,2,5,6,5,7,5,0,5,0,15,12,5,3,15,2,15,9,15,5,5,0,5,19,5,3,5,31
387,5,1,1,1,3,5,11,5,3,0,0,5,0,5,3,15,2,5,13,5,9,5,0,5,3,15,12,5,8,15,2,15,19,15,6,5,4,5,21,5,3,5,46
388,5,1,1,1,3,5,11,5,3,0,0,5,0,5,3,15,2,5,13,5,9,5,0,5,3,15,12,5,8,15,2,15,19,15,6,5,4,5,21,5,3,5,46
389,5,1,0,1,2,5,9,5,4,0,0,5,0,5,4,15,3,5,9,5,7,5,0,5,0,15,12,5,1,15,2,15,13,15,4,5,5,5,19,5,3,5,46
390,5,1,0,1,2,5,7,5,2,0,0,5,0,5,2,15,2,5,6,5,7,5,0,5,0,15,12,5,3,15,2,15,9,15,5,5,0,5,19,5,3,5,31
391,5,1,1,1,3,5,11,5,3,0,0,5,0,5,3,15,2,5,13,5,9,5,0,5,3,15,12,5,8,15,2,15,19,15,6,5,4,5,21,5,3,5,62
392,5,1,1,1,3,5,11,5,3,0,0,5,0,5,3,15,2,5,13,5,9,5,0,5,3,15,12,5,8,15,2,15,19,15,6,5,4,5,21,5,3,5,62
393,5,1,0,1,2,5,9,5,4,0,0,5,0,5,4,15,3,5,9,5,7,5,0,5,0,15,12,5,1,15,3,15,13,15,4,5,5,5,19,5,3,5,31
394,5,0
395,5,0
396,5,0
397,5,0
398,5,0
399,5,0
400,5,0
401,5,0
402,5,0
403,5,0
404,5,0
405,5,0
406,5,0
407,5,0
408,5,0
409,5,0
410,5,0
411,5,0
412,5,0
413,5,0
414,5,0
415,5,0
416,5,0
417,5,0
418,5,0
419,5,0
420,5,0
421,5,0
422,5,0
423,5,0
424,5,0
425,5,0
426,5,0
427,5,0
428,5,0
429,5,0
430,5,0
431,5,0
432,5,0
433,5,0
434,5,0
435,5,0
436,5,0
437,5,0
438,5,0
439,5,0
440,5,0
441,5,0
442,5,0
443,5,0
444,5,0
445,5,0
446,5,0
447,5,0
448,5,0
449,5,0
450,5,0
451,5,0
452,5,0
453,5,0
454,5,0
455,5,0
456,5,0
457,5,0
458,5,0
459,5,0
460,5,0
461,5,0
462,5,0
463,5,0
464,5,0
465,5,0
466,5,0
467,5,0
468,5,0
469,5,0
470,5,0
471,5,0
472,5,0
473,5,0
474,5,0
475,5,0
476,5,0
477,5,0
478,5,0
479,5,0
480,5,0
481,5,0
482,5,0
483,5,0
484,5,0
485,5,0
486,5,0
487,5,0
488,5,0
489,5,0
490,5,0
491,5,0
492,5,0
493,5,0
494,5,0
495,5,0
496,5,0
497,5,0
498,5,0
499,5,0
500,5,0
501,5,0
502,5,0
503,5,0
504,5,0
505,5,0
506,5,0
507,5,0
508,5,0
509,5,0
510,5,0
511,5,0
512,5,0
513,5,0
514,5,0
515,5,0
516,5,0
517,5,0
518,5,0
519,5,0
520,5,0
521,5,0
522,5,0
523,5,0
524,5,0
525,5,0
526,5,0
527,5,0
528,5,0
529,5,0
530,5,0
531,5,0
532,5,0
533,5,0
534,5,0
535,5,0
536,5,0
537,5,0
538,5,0
539,5,0
540,5,0
541,5,0
542,5,0
543,5,0
544,5,0
545,5,0
546,5,0
547,5,0
548,5,0
549,5,0
550,5,0
551,5,0
552,5,0
553,5,0
554,5,0
555,5,0
556,5,0
557,5,0
558,5,0
559,5,0
560,5,0
561,5,0
562,5,0
563,5,0
564,5,0
565,5,0
566,5,0
567,5,0
568,5,0
569,5,0
570,5,0
571,5,0
572,5,0
573,5,0
574,5,0
575,5,0
576,5,0
577,5,0
578,6,1,0,1,1,5,3,5,0,0,0,5,0,5,0,15,1,5,2,5,5,5,0,5,0,15,7,5,1,15,2,15,3,15,3,5,0,5,12,5,2,5,15
579,6,1,0,1,1,5,3,5,0,0,0,5,0,5,0,15,1,5,2,5,5,5,0,5,0,15,7,5,1,15,2,15,3,15,3,5,0,5,12,5,2,5,15
580,6,1,0,1,1,5,3,5,0,0,0,5,0,5,0,15,1,5,2,5,5,5,0,5,0,15,7,5,1,15,2,15,3,15,3,5,0,5,12,5,2,5,15
581,6,1,0,1,1,5,3,5,0,0,0,5,0,5,0,15,1,5,2,5,5,5,0,5,0,15,7,5,1,15,2,15,3,15,3,5,0,5,12,5,2,5,15
582,6,1,0,1,1,5,3,5,0,0,0,5,0,5,0,15,1,5,2,5,5,5,0,5,0,15,6,5,1,15,2,15,3,15,3,5,0,5,11,5,2,5,15
583,6,1,0,1,1,5,3,5,0,0,0,5,0,5,0,15,1,5,2,5,5,5,0,5,0,15,6,5,1,15,2,15,3,15,3,5,0,5,11,5,2,5,15
584,6,1,0,1,1,5,3,5,0,0,0,5,0,5,0,15,1,5,2,5,5,5,0,5,0,15,6,5,1,15,2,15,3,15,3,5,0,5,11,5,2,5,15
585,6,1,0,1,1,5,3,5,0,0,0,5,0,5,0,15,1,5,2,5,5,5,0,5,0,15,6,5,1,15,2,15,3,15,3,5,0,5,11,5,2,5,0
586,6,1,0,1,1,5,3,5,0,0,0,5,0,5,0,15,1,5,2,5,5,5,0,5,0,15,6,5,1,15,2,15,3,15,3,5,0,5,11,5,2,5,15
587,6,1,0,1,1,5,3,5,0,0,0,5,0,5,0,15,1,5,2,5,5,5,0,5,0,15,6,5,1,15,2,15,3,15,3,5,0,5,11,5,2,5,31
588,6,1,0,1,1,5,3,5,0,0,0,5,0,5,0,15,1,5,2,5,5,5,0,5,0,15,6,5,1,15,2,15,3,15,3,5,0,5,11,5,2,5,15
589,6,1,0,1,1,5,3,5,0,0,0,5,0,5,0,15,1,5,2,5,5,5,0,5,0,15,6,5,1,15,2,15,3,15,3,5,0,5,11,5,2,5,15
590,6,1,0,1,2,5,7,5,0,0,0,5,0,5,0,15,4,5,4,5,7,5,2,5,0,15,6,5,3,15,3,15,5,15,5,5,0,5,13,5,3,5,15
591,6,1,0,1,2,5,7,5,0,0,0,5,0,5,0,15,4,5,4,5,7,5,0,5,0,15,8,5,4,15,4,15,6,15,5,5,0,5,15,5,3,5,31
592,6,1,0,1,2,5,7,5,0,0,0,5,0,5,0,15,4,5,4,5,7,5,0,5,0,15,8,5,4,15,4,15,6,15,5,5,0,5,15,5,3,5,31
593,6,1,0,1,3,5,18,5,0,0,0,5,0,5,0,15,10,5,7,5,10,5,3,5,0,15,8,5,8,15,6,15,10,15,9,5,0,5,18,5,4,5,46
594,6,1,0,1,2,5,7,5,0,0,0,5,0,5,0,15,4,5,4,5,7,5,2,5,0,15,6,5,3,15,3,15,5,15,5,5,0,5,13,5,3,5,31
595,6,0
596,6,0
597,6,0
598,6,0
599,6,0
600,6,1,0,1,1,5,3,5,0,0,0,5,0,5,0,15,1,5,2,5,5,5,0,5,0,15,7,5,1,15,2,15,3,15,3,5,0,5,12,5,2,5,15
601,6,1,0,1,1,5,4,5,1,0,0,5,0,5,1,15,1,5,3,5,5,5,0,5,0,15,7,5,0,15,2,15,5,15,3,5,0,5,12,5,2,5,31
602,6,1,0,1,1,5,4,5,1,0,0,5,0,5,1,15,1,5,3,5,5,5,0,5,0,15,7,5,0,15,3,15,5,15,3,5,0,5,12,5,2,5,15
603,6,0
604,6,0
605,6,2,0,1,1,5,4,5,1,0,0,5,0,5,1,15,1,5,3,5,5,5,0,5,0,15,7,5,0,15,3,15,5,15,3,5,0,5,12,5,2,5,15
606,6,1,0,1,4,5,18,5,5,0,0,5,0,5,5,15,11,5,17,5,10,5,0,5,0,15,13,5,13,15,4,15,26,15,10,5,5,5,23,5,4,5,78
607,6,1,0,1,7,5,56,5,26,0,0,5,0,5,26,15,41,5,63,5,15,5,0,5,0,15,20,5,37,15,5,15,92,15,23,5,19,5,35,5,6,5,250
608,6,0
609,6,0
610,6,0
611,6,0
612,7,1,0,1,4,5,18,5,5,0,0,5,0,5,5,15,11,5,17,5,10,5,0,5,0,15,13,5,13,15,4,15,26,15,10,5,5,5,23,5,4,5,78
613,7,1,0,1,7,5,56,5,26,0,0,5,0,5,26,15,41,5,63,5,15,5,0,5,0,15,20,5,37,15,5,15,92,15,23,5,19,5,35,5,6,5,250
614,7,0
615,7,0
616,7,1,0,1,3,5,10,5,0,0,0,5,0,5,0,15,4,5,7,5,7,5,1,5,0,15,6,5,7,15,4,15,11,15,6,5,0,5,13,5,2,5,31
617,7,1,0,1,4,5,25,5,0,0,0,5,0,5,0,15,8,5,15,5,9,5,1,5,0,15,11,5,7,15,4,15,26,15,7,5,13,5,20,5,3,5,78
618,7,1,0,1,2,5,7,5,2,0,0,5,0,5,2,15,2,5,6,5,7,5,1,5,0,15,6,5,3,15,3,15,9,15,5,5,0,5,13,5,3,5,31
619,7,1,0,1,3,5,6,5,0,0,0,5,0,5,0,15,4,5,7,5,6,5,1,5,0,15,6,5,7,15,2,15,11,15,5,5,0,5,12,5,2,5,31
620,7,1,0,1,3,5,7,5,0,0,0,5,0,5,0,15,5,5,8,5,6,5,1,5,0,15,6,5,5,15,2,15,13,15,4,5,5,5,12,5,2,5,31
621,7,0
622,7,0
623,7,1,0,1,3,5,15,5,3,0,0,5,0,5,3,15,5,5,12,5,9,5,1,5,2,15,12,5,7,15,3,15,18,15,8,5,0,5,21,5,4,5,46
624,7,1,0,1,3,5,23,5,4,0,0,5,0,5,4,15,7,5,14,5,9,5,0,5,0,15,12,5,11,15,3,15,24,15,6,5,7,5,21,5,4,5,62
625,7,1,0,1,4,5,25,5,0,0,0,5,0,5,0,15,9,5,15,5,9,5,1,5,0,15,11,5,7,15,3,15,26,15,7,5,13,5,20,5,3,5,78
626,7,0
627,7,0
628,7,0
629,7,1,2,1,5,5,31,5,5,0,0,5,0,5,5,15,8,5,23,5,11,5,0,5,4,15,12,5,8,15,3,15,31,15,8,5,9,5,23,5,4,5,93
630,7,1,3,1,8,5,22,5,0,0,0,5,0,5,0,15,12,5,26,5,9,5,2,5,3,15,11,5,13,15,3,15,38,15,6,5,18,5,20,5,3,5,93
631,7,1,0,1,4,5,25,5,0,0,0,5,0,5,0,15,9,5,15,5,9,5,1,5,0,15,11,5,7,15,3,15,26,15,7,5,13,5,20,5,3,5,78
632,7,0
633,7,1,0,1,2,5,9,5,3,0,0,5,0,5,3,15,3,5,8,5,7,5,0,5,0,15,6,5,1,15,4,15,12,15,4,5,3,5,13,5,3,5,31
634,7,1,0,1,4,5,19,5,6,0,0,5,0,5,6,15,16,5,21,5,9,5,0,5,0,15,7,5,7,15,3,15,33,15,6,5,14,5,16,5,4,5,78
635,7,1,0,1,2,5,8,5,0,0,0,5,0,5,0,15,3,5,5,5,7,5,0,5,0,15,4,5,1,15,3,15,8,15,4,5,3,5,11,5,4,5,31
636,7,1,0,1,5,5,33,5,7,0,0,5,0,5,7,15,20,5,28,5,12,5,0,5,0,15,10,5,13,15,4,15,45,15,11,5,17,5,22,5,6,5,125
637,7,0
638,8,1,0,1,2,5,7,5,0,0,0,5,0,5,0,15,2,5,4,5,7,5,0,5,0,15,11,5,3,15,2,15,7,15,5,5,0,5,18,5,3,5,31
639,8,1,0,1,2,5,7,5,0,0,0,5,0,5,0,15,2,5,4,5,7,5,0,5,0,15,11,5,3,15,2,15,7,15,5,5,0,5,18,5,3,5,31
640,8,0
641,8,0
642,8,0
643,8,0
644,8,1,0,1,2,5,7,5,2,0,0,5,0,5,2,15,2,5,6,5,7,5,0,5,0,15,12,5,3,15,2,15,9,15,5,5,0,5,19,5,3,5,31
645,8,1,1,1,3,5,11,5,3,0,0,5,0,5,3,15,2,5,13,5,9,5,0,5,3,15,12,5,8,15,2,15,19,15,6,5,4,5,21,5,3,5,62
646,8,1,1,1,3,5,11,5,3,0,0,5,0,5,3,15,2,5,13,5,9,5,0,5,3,15,12,5,8,15,2,15,19,15,6,5,4,5,21,5,3,5,46
647,8,1,0,1,2,5,9,5,4,0,0,5,0,5,4,15,3,5,9,5,7,5,0,5,0,15,12,5,1,15,3,15,13,15,4,5,5,5,19,5,3,5,31
648,8,0
649,8,0
650,8,1,0,1,3,5,22,5,5,0,0,5,0,5,5,15,6,5,14,5,10,5,0,5,0,15,8,5,3,15,3,15,22,15,7,5,12,5,18,5,4,5,62
651,8,1,0,1,3,5,25,5,4,0,0,5,0,5,4,15,7,5,13,5,10,5,0,5,0,15,8,5,3,15,3,15,20,15,7,5,11,5,18,5,4,5,62
652,8,1,1,1,5,5,25,5,10,0,0,5,0,5,10,15,7,5,27,5,15,5,0,5,3,15,9,5,13,15,3,15,38,15,11,5,14,5,24,5,5,5,93
653,8,1,0,1,3,5,17,5,3,0,0,5,0,5,3,15,1,5,15,5,10,5,0,5,3,15,8,5,8,15,3,15,20,15,8,5,5,5,18,5,4,5,62
654,8,1,0,1,3,5,15,5,5,0,0,5,0,5,5,15,3,5,12,5,10,5,0,5,0,15,8,5,6,15,3,15,13,15,9,5,0,5,18,5,4,5,62
655,8,1,1,1,4,5,19,5,5,0,0,5,0,5,5,15,2,5,21,5,12,5,0,5,5,15,9,5,9,15,3,15,27,15,10,5,7,5,21,5,4,5,93
656,8,1,2,1,6,5,29,5,12,0,0,5,0,5,12,15,9,5,31,5,17,5,0,5,3,15,9,5,22,15,3,15,42,15,13,5,15,5,26,5,5,5,125
657,8,1,0,1,3,5,17,5,3,0,0,5,0,5,3,15,1,5,15,5,10,5,0,5,3,15,8,5,8,15,3,15,20,15,8,5,5,5,18,5,4,5,62
658,8,1,0,1,3,5,21,5,9,0,0,5,0,5,9,15,6,5,18,5,10,5,0,5,0,15,8,5,3,15,4,15,26,15,7,5,13,5,18,5,4,5,62
659,8,1,0,1,3,5,27,5,5,0,0,5,0,5,5,15,8,5,15,5,10,5,0,5,0,15,8,5,1,15,4,15,23,15,6,5,17,5,18,5,4,5,78
660,8,1,1,1,4,5,18,5,5,0,0,5,0,5,5,15,2,5,19,5,12,5,0,5,4,15,9,5,10,15,3,15,24,15,10,5,4,5,21,5,4,5,93
661,8,1,1,1,4,5,20,5,11,0,0,5,0,5,11,15,6,5,22,5,11,5,0,5,0,15,8,5,4,15,4,15,23,15,9,5,5,5,19,5,4,5,93
662,8,1,1,1,5,5,21,5,7,0,0,5,0,5,7,15,5,5,22,5,14,5,0,5,3,15,10,5,15,15,3,15,26,15,12,5,4,5,24,5,5,5,93
663,8,1,1,1,4,5,22,5,5,0,0,5,0,5,5,15,2,5,27,5,12,5,0,5,8,15,9,5,18,15,3,15,38,15,9,5,10,5,21,5,4,5,93
664,8,1,0,1,3,5,17,5,6,0,0,5,0,5,6,15,4,5,14,5,10,5,0,5,0,15,8,5,7,15,4,15,16,15,9,5,0,5,18,5,4,5,62
665,8,1,0,1,3,5,25,5,5,0,0,5,0,5,5,15,6,5,15,5,10,5,0,5,0,15,8,5,3,15,4,15,20,15,7,5,11,5,18,5,4,5,62
666,8,1,3,1,7,5,30,5,8,0,0,5,0,5,8,15,4,5,40,5,18,5,0,5,12,15,12,5,24,15,3,15,52,15,14,5,16,5,30,5,5,5,156
667,8,1,3,1,7,5,32,5,17,0,0,5,0,5,17,15,11,5,42,5,16,5,0,5,4,15,14,5,10,15,4,15,49,15,12,5,15,5,30,5,5,5,156
668,8,0
669,8,0
670,8,0
671,8,0
672,8,0
673,8,0
674,8,1,0,1,5,5,21,5,0,0,0,5,0,5,0,15,9,5,19,5,10,5,0,5,0,15,10,5,17,15,3,15,31,15,12,5,10,5,20,5,3,5,78
675,8,1,0,1,5,5,20,5,0,0,0,5,0,5,0,15,7,5,18,5,10,5,0,5,1,15,10,5,12,15,4,15,28,15,9,5,15,5,20,5,3,5,78
676,8,0
677,8,0
678,8,0
679,8,0
680,8,0
681,8,0
682,8,0
683,8,0
684,8,0
685,8,0
686,8,0
687,8,0
688,8,0
689,8,0
690,8,0
691,8,0
692,8,0
693,8,0
694,8,0
695,8,0
696,8,0
697,8,0
698,8,1,0,1,3,5,9,5,2,0,0,5,0,5,2,15,7,5,10,5,8,5,0,5,1,15,12,5,8,15,2,15,15,15,7,5,0,5,20,5,4,5,46
699,8,1,0,1,3,5,8,5,2,0,0,5,0,5,2,15,5,5,14,5,8,5,0,5,3,15,12,5,7,15,2,15,20,15,7,5,0,5,20,5,4,5,46
700,8,1,0,1,3,5,8,5,2,0,0,5,0,5,2,15,4,5,14,5,8,5,0,5,4,15,12,5,9,15,2,15,21,15,6,5,0,5,20,5,4,5,46
701,8,1,0,1,3,5,8,5,2,0,0,5,0,5,2,15,4,5,14,5,8,5,0,5,4,15,12,5,9,15,2,15,21,15,6,5,0,5,20,5,4,5,46
702,8,1,0,1,3,5,8,5,2,0,0,5,0,5,2,15,5,5,12,5,8,5,0,5,3,15,12,5,7,15,3,15,18,15,7,5,0,5,20,5,4,5,46
703,8,1,0,1,3,5,11,5,4,0,0,5,0,5,4,15,9,5,13,5,8,5,0,5,1,15,12,5,6,15,3,15,19,15,6,5,5,5,20,5,4,5,46
704,8,0
705,8,0
706,8,0
707,8,0
708,8,0
709,8,0
710,8,0
711,8,0
712,8,0
713,8,0
714,8,0
715,8,0
716,8,0
717,8,0
718,8,0
719,8,0
720,8,0
721,8,0
722,8,1,0,1,3,5,6,5,0,0,0,5,0,5,0,15,4,5,7,5,7,5,0,5,0,15,10,5,7,15,2,15,11,15,6,5,0,5,17,5,3,5,31
723,8,1,0,1,3,5,6,5,0,0,0,5,0,5,0,15,4,5,7,5,7,5,0,5,0,15,10,5,7,15,2,15,11,15,6,5,0,5,17,5,3,5,31
724,8,0
725,8,0
726,8,0
727,8,0
728,8,0
729,8,0
730,8,0
731,8,0
732,8,0
733,8,0
734,8,0
735,8,0
736,8,0
737,8,0
738,8,0
739,8,0
740,8,0
741,8,0
742,8,0
743,8,0
744,8,2,0,1,3,5,7,5,0,0,0,5,0,5,0,15,4,5,8,5,7,5,0,5,1,15,10,5,7,15,2,15,14,15,6,5,0,5,17,5,3,5,31
745,8,2,0,1,3,5,7,5,0,0,0,5,0,5,0,15,4,5,8,5,7,5,0,5,1,15,10,5,7,15,2,15,14,15,6,5,0,5,17,5,3,5,31
746,8,0
747,8,0
748,8,0
749,8,0
750,8,0
751,8,0
752,8,0
753,8,0
754,8,0
755,8,0
756,8,0
757,8,0
758,8,0
759,8,0
760,8,0
761,8,0
762,8,0
763,8,1,0,1,3,5,10,5,0,0,0,5,0,5,0,15,4,5,7,5,7,5,1,5,0,15,6,5,7,15,4,15,11,15,6,5,0,5,13,5,2,5,31
764,8,2
765,8,2
766,8,2
767,8,2
768,8,2
769,8,2
770,8,2
771,8,2
772,8,2
773,8,2
774,8,2
775,8,2
776,8,2
777,8,2
778,8,2
779,8,2
780,8,2
781,8,2
782,8,2
783,8,2
784,8,2
785,8,2
786,8,1,0,1,4,5,25,5,0,0,0,5,0,5,0,15,8,5,15,5,9,5,1,5,0,15,11,5,7,15,4,15,26,15,7,5,13,5,20,5,3,5,78
787,8,1,1,1,5,5,20,5,0,0,0,5,0,5,0,15,8,5,17,5,10,5,8,5,1,15,11,5,11,15,4,15,23,15,9,5,7,5,21,5,3,5,78
788,8,1,0,1,4,5,25,5,0,0,0,5,0,5,0,15,8,5,15,5,9,5,1,5,0,15,11,5,7,15,4,15,26,15,7,5,13,5,20,5,3,5,78
789,8,1,1,1,5,5,20,5,0,0,0,5,0,5,0,15,8,5,17,5,10,5,8,5,1,15,11,5,11,15,4,15,23,15,9,5,7,5,21,5,3,5,93
790,8,0
791,8,0
792,8,0
793,8,0
794,8,0
795,8,0
796,8,0
797,8,0
798,8,0
799,8,0
800,8,0
801,8,0
802,8,0
803,8,0
804,8,0
805,8,0
806,8,0
807,8,0
808,8,0
809,8,0
810,8,0
811,8,0
812,8,0
813,8,0
814,8,0
815,8,0
816,8,0
817,8,0
818,8,0
819,8,0
820,8,0
821,8,0
822,8,0
823,8,0
824,8,0
825,8,0
826,8,0
827,8,0
828,8,0
829,8,0
830,8,0
831,8,0
832,8,0
833,8,0
834,8,0
835,8,0
836,8,0
837,8,0
838,8,0
839,8,0
840,8,0
841,8,0
842,8,0
843,8,0
844,8,0
845,8,0
846,8,0
847,8,0
848,8,0
849,8,0
850,8,0
851,8,0
852,8,0
853,8,0
854,8,0
855,8,0
856,8,0
857,8,0
858,8,0
859,8,0
860,8,0
861,8,0
862,8,0
863,8,0
864,8,0
865,8,0
866,8,0
867,8,0
868,8,0
869,8,0
870,8,0
871,8,0
872,8,0
873,8,0
874,8,0
875,8,0
876,8,0
877,8,0
878,8,0
879,8,0
880,8,0
881,8,0
882,8,0
883,8,0
884,8,0
885,8,0
886,8,0
887,8,0
888,8,0
889,8,0
890,8,0
891,8,0
892,8,0
893,8,0
894,8,0
895,8,0
896,8,0
897,8,0
898,8,0
899,8,0
900,8,0
901,8,0
902,8,0
903,8,2,0,1,4,5,23,5,0,0,0,5,0,5,0,15,7,5,13,5,9,5,6,5,0,15,11,5,9,15,4,15,21,15,8,5,7,5,20,5,3,5,62
904,8,2,0,1,4,5,23,5,0,0,0,5,0,5,0,15,7,5,13,5,9,5,6,5,0,15,11,5,9,15,4,15,21,15,8,5,7,5,20,5,3,5,78
905,8,1,0,1,2,5,7,5,2,0,0,5,0,5,2,15,2,5,6,5,7,5,1,5,0,15,6,5,3,15,3,15,9,15,5,5,0,5,13,5,3,5,31
906,8,1,0,1,2,5,10,5,2,0,0,5,0,5,2,15,4,5,6,5,8,5,1,5,0,15,7,5,3,15,3,15,9,15,6,5,0,5,15,5,4,5,31
907,8,1,0,1,3,5,15,5,3,0,0,5,0,5,3,15,5,5,12,5,9,5,1,5,2,15,12,5,7,15,3,15,18,15,8,5,0,5,21,5,4,5,46
908,8,0
909,8,0
910,8,0
911,8,0
912,8,2
913,8,1,0,1,3,5,15,5,3,0,0,5,0,5,3,15,5,5,12,5,9,5,1,5,2,15,12,5,7,15,3,15,18,15,8,5,0,5,21,5,4,5,46
914,8,1,1,1,5,5,19,5,4,0,0,5,0,5,4,15,7,5,19,5,13,5,2,5,3,15,12,5,17,15,3,15,28,15,11,5,4,5,25,5,5,5,93
915,8,1,1,1,5,5,19,5,3,0,0,5,0,5,3,15,7,5,18,5,13,5,2,5,3,15,12,5,15,15,3,15,27,15,11,5,4,5,25,5,5,5,78
916,8,1,0,1,3,5,15,5,3,0,0,5,0,5,3,15,5,5,12,5,9,5,1,5,2,15,12,5,7,15,4,15,18,15,8,5,0,5,21,5,4,5,62
917,8,1,0,1,3,5,17,5,1,0,0,5,0,5,1,15,11,5,9,5,9,5,4,5,0,15,12,5,5,15,4,15,15,15,7,5,7,5,21,5,4,5,46
918,8,1,0,1,3,5,18,5,3,0,0,5,0,5,3,15,7,5,14,5,10,5,1,5,3,15,13,5,9,15,3,15,21,15,8,5,0,5,23,5,5,5,62
919,8,1,1,1,4,5,20,5,2,0,0,5,0,5,2,15,8,5,17,5,12,5,3,5,4,15,13,5,13,15,3,15,25,15,10,5,4,5,25,5,5,5,78
920,8,1,2,1,6,5,23,5,6,0,0,5,2,5,2,15,3,5,20,5,15,5,6,5,4,15,13,5,11,15,4,15,26,15,12,5,10,5,28,5,5,5,93
921,8,1,0,1,3,5,12,5,7,0,0,5,3,5,1,15,3,5,10,5,9,5,3,5,1,15,12,5,1,15,5,15,13,15,5,5,9,5,21,5,4,5,46
922,8,1,0,1,3,5,12,5,3,0,0,5,1,5,1,15,1,5,12,5,9,5,4,5,2,15,12,5,5,15,4,15,16,15,6,5,5,5,21,5,4,5,46
923,8,0
924,8,0
925,8,0
926,8,0
927,8,0
928,8,0
929,8,0
930,8,0
931,8,0
932,8,0
933,8,0
934,8,0
935,8,0
936,8,0
937,8,0
938,8,0
939,9,1,0,1,1,5,3,5,1,0,0,5,0,5,1,15,2,5,3,5,5,5,0,5,0,15,7,5,1,15,1,15,4,15,3,5,0,5,12,5,3,5,15
940,9,1,0,1,1,5,3,5,1,0,0,5,0,5,1,15,2,5,3,5,5,5,0,5,0,15,7,5,1,15,1,15,4,15,3,5,0,5,12,5,3,5,15
941,9,1,0,1,2,5,10,5,2,0,0,5,0,5,2,15,4,5,6,5,8,5,0,5,0,15,13,5,3,15,2,15,9,15,6,5,0,5,21,5,4,5,31
942,9,1,0,1,2,5,10,5,2,0,0,5,0,5,2,15,4,5,6,5,8,5,0,5,0,15,13,5,3,15,2,15,9,15,6,5,0,5,21,5,4,5,31
943,9,1,0,1,2,5,10,5,2,0,0,5,0,5,2,15,4,5,6,5,8,5,0,5,0,15,9,5,3,15,2,15,9,15,6,5,0,5,17,5,4,5,46
944,9,1,0,1,2,5,10,5,2,0,0,5,0,5,2,15,4,5,6,5,8,5,0,5,0,15,9,5,3,15,2,15,9,15,6,5,0,5,17,5,4,5,31
945,9,1,0,1,3,5,24,5,5,0,0,5,0,5,5,15,8,5,18,5,11,5,0,5,3,15,9,5,9,15,3,15,27,15,8,5,9,5,20,5,5,5,109
946,9,1,0,1,3,5,24,5,5,0,0,5,0,5,5,15,8,5,18,5,11,5,0,5,3,15,9,5,9,15,3,15,27,15,8,5,9,5,20,5,5,5,78
947,9,1,0,1,3,5,13,5,3,0,0,5,0,5,3,15,9,5,11,5,9,5,0,5,1,15,13,5,8,15,2,15,16,15,8,5,0,5,22,5,5,5,46
948,9,1,0,1,4,5,22,5,0,0,0,5,0,5,0,15,14,5,12,5,11,5,4,5,1,15,13,5,14,15,6,15,19,15,12,5,0,5,24,5,6,5,62
949,9,1,0,1,4,5,28,5,5,0,0,5,0,5,5,15,14,5,17,5,12,5,4,5,1,15,13,5,14,15,4,15,24,15,13,5,0,5,25,5,6,5,93
950,9,1,0,1,4,5,16,5,4,0,0,5,0,5,4,15,18,5,16,5,10,5,0,5,1,15,15,5,15,15,2,15,24,15,11,5,0,5,25,5,6,5,62
951,9,1,0,1,3,5,13,5,3,0,0,5,0,5,3,15,9,5,11,5,9,5,0,5,1,15,10,5,8,15,2,15,16,15,8,5,0,5,19,5,5,5,46
952,9,1,0,1,4,5,22,5,0,0,0,5,0,5,0,15,14,5,12,5,11,5,4,5,1,15,8,5,14,15,6,15,19,15,12,5,0,5,19,5,6,5,62
953,9,1,0,1,4,5,28,5,5,0,0,5,0,5,5,15,14,5,17,5,12,5,4,5,1,15,8,5,14,15,4,15,24,15,13,5,0,5,20,5,6,5,78
954,9,1,0,1,4,5,16,5,4,0,0,5,0,5,4,15,18,5,16,5,10,5,0,5,1,15,11,5,15,15,2,15,24,15,11,5,0,5,21,5,6,5,62
955,9,1,0,1,3,5,16,5,0,0,0,5,0,5,0,15,6,5,7,5,10,5,3,5,0,15,13,5,6,15,5,15,10,15,9,5,0,5,23,5,5,5,46
956,9,1,0,1,3,5,16,5,0,0,0,5,0,5,0,15,6,5,7,5,10,5,3,5,0,15,8,5,6,15,5,15,10,15,9,5,0,5,18,5,5,5,46
957,9,1,0,1,3,5,19,5,3,0,0,5,0,5,3,15,6,5,10,5,11,5,3,5,0,15,13,5,6,15,4,15,13,15,10,5,0,5,24,5,5,5,46
958,9,1,0,1,3,5,19,5,3,0,0,5,0,5,3,15,6,5,10,5,11,5,3,5,0,15,8,5,6,15,4,15,13,15,10,5,0,5,19,5,5,5,46
959,9,1,0,1,3,5,19,5,5,0,0,5,0,5,5,15,11,5,13,5,10,5,0,5,0,15,14,5,6,15,3,15,19,15,8,5,4,5,24,5,5,5,46
960,9,1,0,1,3,5,19,5,5,0,0,5,0,5,5,15,11,5,13,5,10,5,0,5,0,15,10,5,6,15,3,15,19,15,8,5,4,5,20,5,5,5,46
961,9,1,0,1,2,5,10,5,2,0,0,5,0,5,2,15,4,5,6,5,8,5,0,5,0,15,12,5,3,15,2,15,9,15,6,5,0,5,20,5,4,5,31
962,9,1,0,1,3,5,13,5,3,0,0,5,0,5,3,15,9,5,11,5,9,5,0,5,1,15,12,5,8,15,2,15,16,15,8,5,0,5,21,5,5,5,46
963,9,1,0,1,3,5,16,5,0,0,0,5,0,5,0,15,6,5,7,5,10,5,3,5,0,15,12,5,6,15,5,15,10,15,9,5,0,5,22,5,5,5,46
964,9,1,0,1,3,5,19,5,3,0,0,5,0,5,3,15,6,5,10,5,11,5,3,5,0,15,12,5,6,15,4,15,13,15,10,5,0,5,23,5,5,5,46
965,9,1,0,1,3,5,19,5,5,0,0,5,0,5,5,15,11,5,13,5,10,5,0,5,0,15,13,5,6,15,3,15,19,15,8,5,4,5,23,5,5,5,93
966,9,1,0,1,2,5,10,5,2,0,0,5,0,5,2,15,4,5,6,5,8,5,0,5,0,15,8,5,3,15,2,15,9,15,6,5,0,5,16,5,4,5,31
967,9,1,0,1,3,5,13,5,3,0,0,5,0,5,3,15,9,5,11,5,9,5,0,5,1,15,9,5,8,15,2,15,16,15,8,5,0,5,18,5,5,5,62
968,9,1,0,1,3,5,16,5,0,0,0,5,0,5,0,15,6,5,7,5,10,5,3,5,0,15,7,5,6,15,5,15,10,15,9,5,0,5,17,5,5,5,46
969,9,1,0,1,3,5,19,5,3,0,0,5,0,5,3,15,6,5,10,5,11,5,3,5,0,15,7,5,6,15,4,15,13,15,10,5,0,5,18,5,5,5,62
970,9,1,0,1,3,5,19,5,5,0,0,5,0,5,5,15,11,5,13,5,10,5,0,5,0,15,9,5,6,15,3,15,19,15,8,5,4,5,19,5,5,5,62
971,9,1,0,1,3,5,10,5,0,0,0,5,0,5,0,15,6,5,7,5,8,5,0,5,0,15,10,5,6,15,2,15,10,15,7,5,0,5,18,5,4,5,31
972,9,0
973,9,0
974,9,0
975,9,0
976,9,0
977,9,0
978,9,0
979,9,0
980,9,1,0,1,3,5,11,5,2,0,0,5,0,5,2,15,8,5,10,5,9,5,0,5,1,15,13,5,8,15,2,15,15,15,8,5,0,5,22,5,5,5,46
981,9,1,0,1,3,5,15,5,4,0,0,5,0,5,4,15,9,5,12,5,10,5,0,5,0,15,14,5,6,15,3,15,18,15,8,5,5,5,24,5,5,5,31
982,9,1,0,1,3,5,15,5,4,0,0,5,0,5,4,15,9,5,12,5,10,5,0,5,0,15,10,5,6,15,3,15,18,15,8,5,5,5,20,5,5,5,46
983,9,1,0,1,3,5,17,5,3,0,0,5,0,5,3,15,6,5,10,5,11,5,2,5,0,15,13,5,8,15,4,15,15,15,10,5,0,5,24,5,5,5,62
984,9,1,0,1,3,5,17,5,3,0,0,5,0,5,3,15,6,5,10,5,11,5,2,5,0,15,8,5,8,15,4,15,15,15,10,5,0,5,19,5,5,5,46
985,9,1,0,1,3,5,14,5,0,0,0,5,0,5,0,15,6,5,7,5,10,5,2,5,0,15,13,5,8,15,5,15,12,15,9,5,0,5,23,5,5,5,46
986,9,1,0,1,3,5,14,5,0,0,0,5,0,5,0,15,6,5,7,5,10,5,2,5,0,15,8,5,8,15,5,15,12,15,9,5,0,5,18,5,5,5,46
987,9,1,0,1,3,5,14,5,4,0,0,5,0,5,4,15,11,5,13,5,9,5,0,5,1,15,13,5,6,15,3,15,19,15,7,5,3,5,22,5,5,5,46
988,9,1,2,1,5,5,29,5,7,0,0,5,0,5,7,15,22,5,20,5,12,5,0,5,1,15,14,5,11,15,8,15,29,15,9,5,6,5,26,5,5,5,109
989,9,1,0,1,3,5,22,5,4,0,0,5,0,5,4,15,8,5,12,5,11,5,3,5,0,15,13,5,6,15,5,15,18,15,9,5,5,5,24,5,5,5,62
990,9,1,0,1,3,5,14,5,4,0,0,5,0,5,4,15,11,5,13,5,9,5,0,5,1,15,10,5,6,15,3,15,19,15,7,5,3,5,19,5,5,5,46
991,9,1,2,1,5,5,29,5,7,0,0,5,0,5,7,15,22,5,20,5,12,5,0,5,1,15,10,5,11,15,8,15,29,15,9,5,6,5,22,5,5,5,109
992,9,1,0,1,3,5,22,5,4,0,0,5,0,5,4,15,8,5,12,5,11,5,3,5,0,15,8,5,6,15,5,15,18,15,9,5,5,5,19,5,5,5,62
993,9,1,0,1,4,5,19,5,0,0,0,5,0,5,0,15,13,5,12,5,11,5,4,5,3,15,13,5,14,15,6,15,19,15,12,5,0,5,24,5,6,5,62
994,9,1,0,1,4,5,19,5,0,0,0,5,0,5,0,15,13,5,12,5,11,5,4,5,3,15,8,5,14,15,6,15,19,15,12,5,0,5,19,5,6,5,62
995,9,1,0,1,4,5,18,5,0,0,0,5,0,5,0,15,14,5,13,5,11,5,3,5,3,15,13,5,15,15,6,15,21,15,12,5,0,5,24,5,6,5,62
996,9,1,0,1,4,5,18,5,0,0,0,5,0,5,0,15,14,5,13,5,11,5,3,5,2,15,8,5,15,15,6,15,21,15,12,5,0,5,19,5,6,5,62
997,9,1,0,1,4,5,22,5,3,0,0,5,0,5,3,15,13,5,15,5,12,5,4,5,3,15,13,5,14,15,4,15,22,15,13,5,0,5,25,5,6,5,62
998,9,1,0,1,4,5,22,5,3,0,0,5,0,5,3,15,14,5,16,5,12,5,3,5,3,15,13,5,15,15,4,15,24,15,13,5,0,5,25,5,6,5,78
999,9,1,0,1,4,5,22,5,3,0,0,5,0,5,3,15,13,5,15,5,12,5,4,5,3,15,8,5,14,15,4,15,22,15,13,5,0,5,20,5,6,5,78
1000,9,1,0,1,4,5,22,5,3,0,0,5,0,5,3,15,14,5,16,5,12,5,3,5,2,15,8,5,15,15,4,15,24,15,13,5,0,5,20,5,6,5,78
1001,9,0
1002,9,0
1003,9,0
1004,9,0
1005,9,0
1006,9,0
1007,9,0
1008,9,0
1009,9,0
1010,9,0
1011,9,0
1012,9,0
1013,9,0
1014,9,0
1015,9,0
1016,9,0
1017,9,0
1018,9,0
1019,9,0
1020,9,0
1021,9,0
1022,9,0
1023,9,0
1024,9,0
1025,9,0
1026,9,0
1027,9,0
1028,9,0
1029,9,0
1030,9,0
1031,9,0
1032,9,0
1033,9,0
1034,9,0
1035,9,0
1036,9,0
1037,9,0
1038,9,0
1039,9,0
1040,9,0
1041,9,1,0,1,6,5,51,5,16,0,0,5,0,5,16,15,25,5,43,5,16,5,5,5,3,15,19,5,32,15,5,15,62,15,23,5,5,5,35,5,7,5,187
1042,9,1,0,1,5,5,29,5,8,0,0,5,0,5,8,15,16,5,25,5,12,5,4,5,3,15,13,5,21,15,5,15,39,15,15,5,5,5,25,5,6,5,125
1043,9,0
1044,9,0
1045,9,0
1046,9,0
1047,9,0
1048,9,0
1049,9,0
1050,9,0
1051,9,0
1052,9,0
1053,9,0
1054,9,0
1055,9,0
1056,9,0
1057,9,0
1058,9,0
1059,9,0
1060,9,0
1061,9,0
1062,9,0
1063,9,0
1064,9,0
1065,9,0
1066,9,0
1067,9,0
1068,9,0
1069,9,0
1070,9,0
1071,9,0
1072,9,0
1073,9,0
1074,9,0
1075,9,0
1076,9,0
1077,9,0
1078,9,0
1079,9,0
1080,9,0
1081,9,0
1082,9,0
1083,9,0
1084,9,0
1085,9,0
1086,9,0
1087,9,0
1088,9,0
1089,9,0
1090,10,1,0,1,2,5,7,5,0,0,0,5,0,5,0,15,2,5,4,5,7,5,0,5,0,15,12,5,3,15,2,15,7,15,5,5,0,5,19,5,4,5,31
1091,10,1,0,1,1,5,3,5,0,0,0,5,0,5,0,15,1,5,2,5,5,5,0,5,0,15,9,5,1,15,2,15,3,15,3,5,0,5,14,5,3,5,15
1092,10,1,0,1,2,5,7,5,0,0,0,5,0,5,0,15,2,5,4,5,7,5,0,5,0,15,12,5,3,15,2,15,7,15,5,5,0,5,19,5,4,5,93
1093,10,1,0,1,1,5,3,5,0,0,0,5,0,5,0,15,1,5,2,5,5,5,0,5,0,15,9,5,1,15,2,15,3,15,3,5,0,5,14,5,3,5,15
1094,10,1,0,1,2,5,7,5,0,0,0,5,0,5,0,15,2,5,4,5,7,5,0,5,0,15,12,5,3,15,2,15,7,15,5,5,0,5,19,5,4,5,31
1095,10,1,0,1,1,5,3,5,0,0,0,5,0,5,0,15,1,5,2,5,5,5,0,5,0,15,9,5,1,15,2,15,3,15,3,5,0,5,14,5,3,5,31
1096,10,0
1097,10,0
1098,10,0
1099,10,0
1100,10,0
1101,10,0
1102,10,0
1103,10,1,0,1,3,5,15,5,1,0,0,5,0,5,1,15,7,5,13,5,9,5,0,5,0,15,14,5,7,15,3,15,21,15,6,5,8,5,23,5,5,5,78
1104,10,1,0,1,3,5,15,5,1,0,0,5,0,5,1,15,7,5,13,5,9,5,0,5,0,15,17,5,7,15,3,15,21,15,6,5,8,5,26,5,5,5,93
1105,10,1,0,1,2,5,9,5,1,0,0,5,0,5,1,15,4,5,8,5,7,5,0,5,0,15,11,5,5,15,3,15,12,15,4,5,4,5,18,5,4,5,46
1106,10,1,0,1,2,5,9,5,1,0,0,5,0,5,1,15,4,5,8,5,7,5,0,5,0,15,14,5,5,15,3,15,12,15,4,5,4,5,21,5,4,5,46
1107,10,1,0,1,2,5,9,5,1,0,0,5,0,5,1,15,4,5,8,5,7,5,0,5,0,15,11,5,5,15,3,15,12,15,4,5,4,5,18,5,4,5,46
1108,10,0
1109,10,0
1110,10,0
1111,10,0
1112,10,0
1113,10,0
1114,10,0
1115,10,0
1116,10,0
1117,10,0
1118,10,0
1119,10,0
1120,10,0
1121,10,0
1122,10,0
1123,10,0
1124,10,0
1125,10,0
1126,10,0
1127,10,0
1128,10,0
1129,10,0
1130,10,1,0,1,3,5,19,5,1,0,0,5,0,5,1,15,8,5,16,5,9,5,1,5,0,15,12,5,9,15,3,15,27,15,5,5,11,5,21,5,5,5,78
1131,10,1,0,1,3,5,9,5,1,0,0,5,0,5,1,15,4,5,7,5,9,5,1,5,0,15,12,5,3,15,3,15,14,15,7,5,4,5,21,5,5,5,62
1132,10,1,0,1,3,5,19,5,1,0,0,5,0,5,1,15,8,5,16,5,9,5,1,5,0,15,12,5,9,15,3,15,27,15,5,5,11,5,21,5,5,5,78
1133,10,1,0,1,3,5,9,5,1,0,0,5,0,5,1,15,4,5,7,5,9,5,1,5,0,15,12,5,3,15,3,15,14,15,7,5,4,5,21,5,5,5,46
1134,10,1,0,1,3,5,19,5,1,0,0,5,0,5,1,15,8,5,16,5,9,5,1,5,0,15,12,5,9,15,3,15,27,15,5,5,11,5,21,5,5,5,62
1135,10,1,0,1,3,5,9,5,1,0,0,5,0,5,1,15,4,5,7,5,9,5,1,5,0,15,12,5,3,15,3,15,14,15,7,5,4,5,21,5,5,5,31
1136,10,1,0,1,2,5,11,5,1,0,0,5,0,5,1,15,4,5,9,5,7,5,1,5,0,15,9,5,5,15,3,15,15,15,4,5,5,5,16,5,4,5,46
1137,10,1,0,1,2,5,5,5,1,0,0,5,0,5,1,15,2,5,4,5,7,5,1,5,0,15,9,5,2,15,3,15,7,15,5,5,0,5,16,5,4,5,31
1138,10,1,0,1,2,5,11,5,1,0,0,5,0,5,1,15,4,5,9,5,7,5,1,5,0,15,9,5,5,15,3,15,15,15,4,5,5,5,16,5,4,5,31
1139,10,1,0,1,2,5,5,5,1,0,0,5,0,5,1,15,2,5,4,5,7,5,1,5,0,15,9,5,2,15,3,15,7,15,5,5,0,5,16,5,4,5,31
1140,10,1,0,1,2,5,11,5,1,0,0,5,0,5,1,15,4,5,9,5,7,5,1,5,0,15,9,5,5,15,3,15,15,15,4,5,5,5,16,5,4,5,46
1141,10,1,0,1,2,5,5,5,1,0,0,5,0,5,1,15,2,5,4,5,7,5,1,5,0,15,9,5,2,15,3,15,7,15,5,5,0,5,16,5,4,5,31
1142,10,0
1143,10,0
1144,10,0
1145,10,0
1146,10,0
1147,10,0
1148,10,0
1149,10,0
1150,10,0
1151,10,0
1152,10,0
1153,10,0
1154,10,1,0,1,3,5,19,5,1,0,0,5,0,5,1,15,8,5,16,5,9,5,1,5,0,15,12,5,9,15,3,15,27,15,5,5,11,5,21,5,5,5,62
1155,10,1,0,1,2,5,11,5,1,0,0,5,0,5,1,15,4,5,9,5,7,5,1,5,0,15,9,5,5,15,3,15,15,15,4,5,5,5,16,5,4,5,46
1156,10,1,0,1,2,5,11,5,1,0,0,5,0,5,1,15,4,5,9,5,7,5,1,5,0,15,9,5,5,15,3,15,15,15,4,5,5,5,16,5,4,5,46
1157,10,1,0,1,2,5,11,5,1,0,0,5,0,5,1,15,4,5,9,5,7,5,1,5,0,15,9,5,5,15,3,15,15,15,4,5,5,5,16,5,4,5,31
1158,10,1,0,1,3,5,9,5,1,0,0,5,0,5,1,15,4,5,7,5,9,5,1,5,0,15,12,5,3,15,3,15,14,15,7,5,4,5,21,5,5,5,46
1159,10,1,0,1,2,5,5,5,1,0,0,5,0,5,1,15,2,5,4,5,7,5,1,5,0,15,9,5,2,15,3,15,7,15,5,5,0,5,16,5,4,5,31
1160,10,1,0,1,2,5,5,5,1,0,0,5,0,5,1,15,2,5,4,5,7,5,1,5,0,15,9,5,2,15,3,15,7,15,5,5,0,5,16,5,4,5,31
1161,10,1,0,1,2,5,5,5,1,0,0,5,0,5,1,15,2,5,4,5,7,5,1,5,0,15,9,5,2,15,3,15,7,15,5,5,0,5,16,5,4,5,31
1162,10,0
1163,10,0
1164,10,0
1165,10,0
1166,10,0
1167,10,0
1168,10,0
1169,10,1,0,1,4,5,23,5,1,0,0,5,0,5,1,15,12,5,16,5,12,5,1,5,0,15,14,5,13,15,5,15,27,15,11,5,8,5,26,5,6,5,93
1170,10,1,0,1,4,5,17,5,1,0,0,5,0,5,1,15,9,5,10,5,12,5,1,5,0,15,14,5,9,15,5,15,20,15,12,5,5,5,26,5,6,5,78
1171,10,1,0,1,3,5,14,5,1,0,0,5,0,5,1,15,7,5,10,5,10,5,1,5,0,15,11,5,9,15,5,15,16,15,8,5,4,5,21,5,5,5,62
1172,10,1,0,1,3,5,10,5,1,0,0,5,0,5,1,15,5,5,6,5,10,5,1,5,0,15,11,5,6,15,6,15,11,15,9,5,0,5,21,5,5,5,109
1173,10,0
1174,10,0
1175,10,0
1176,10,0
1177,10,0
1178,10,0
1179,10,1,0,1,3,5,15,5,1,0,0,5,0,5,1,15,7,5,13,5,9,5,0,5,0,15,14,5,7,15,3,15,21,15,6,5,8,5,23,5,5,5,62
1180,10,0
1181,10,0
1182,10,0
1183,10,0
1184,10,0
1185,10,0
1186,10,1
1187,10,1
1188,10,1,0,1,4,5,30,5,2,0,0,5,0,5,2,15,10,5,22,5,12,5,0,5,0,15,25,5,10,15,3,15,29,15,10,5,13,5,37,5,6,5,140
1189,10,1,0,1,3,5,21,5,2,0,0,5,0,5,2,15,6,5,15,5,10,5,0,5,0,15,22,5,6,15,3,15,18,15,7,5,9,5,32,5,5,5,78
1190,10,0
1191,10,0
1192,10,0
1193,10,0
1194,10,1,0,1,3,5,8,5,1,0,0,5,0,5,1,15,3,5,6,5,9,5,1,5,0,15,12,5,5,15,2,15,12,15,8,5,0,5,21,5,5,5,31
1195,10,1,5,1,14,5,66,5,3,0,0,5,0,5,3,15,19,5,58,5,29,5,6,5,9,15,35,5,32,15,4,15,70,15,32,5,20,5,64,5,12,5,296
1196,10,1,0,1,2,5,5,5,1,0,0,5,0,5,1,15,2,5,4,5,7,5,1,5,0,15,9,5,2,15,2,15,7,15,5,5,0,5,16,5,4,5,31
1197,10,1,3,1,9,5,39,5,2,0,0,5,0,5,2,15,11,5,33,5,20,5,4,5,5,15,22,5,15,15,4,15,38,15,19,5,13,5,42,5,8,5,203
1198,10,0
1199,10,0
1200,10,0
1201,10,0
1202,10,0
1203,10,0
1204,10,0
1205,10,1,0,1,2,5,7,5,0,0,0,5,0,5,0,15,2,5,4,5,7,5,0,5,0,15,13,5,3,15,2,15,7,15,5,5,0,5,20,5,4,5,31
1206,10,1,0,1,1,5,3,5,0,0,0,5,0,5,0,15,1,5,2,5,5,5,0,5,0,15,9,5,1,15,2,15,3,15,3,5,0,5,14,5,3,5,15
1207,10,1,0,1,2,5,7,5,0,0,0,5,0,5,0,15,2,5,4,5,7,5,0,5,0,15,13,5,3,15,2,15,7,15,5,5,0,5,20,5,4,5,31
1208,10,1,0,1,1,5,3,5,0,0,0,5,0,5,0,15,1,5,2,5,5,5,0,5,0,15,9,5,1,15,2,15,3,15,3,5,0,5,14,5,3,5,15
