@  {'test_corpus_file': 'LHM_corpus.txt', 'test_corpus_folder': 'study-4c-LHM', 'study_folder': 'study-4c-LHM/', 'author': 'PauliBrattico', 'year': 2021, 'date': 'March', 'study_id': 1, 'only_first_solution': False, 'logging': True, 'ignore_ungrammatical_sentences': False, 'datatake_resources': True, 'datatake_resource_sequence': False, 'datatake_timings': False, 'datatake_images': False, 'image_parameter_stop_after_each_image': False, 'image_parameter_show_words': True, 'image_parameter_nolabels': False, 'image_parameter_spellout': False, 'image_parameter_case': False, 'image_parameter_show_sentences': False, 'image_parameter_show_glosses': True, 'extra_ranking': True, 'filter': True, 'lexical_anticipation': True, 'closure': 'Bottom-up', 'working_memory': True, 'positive_spec_selection': 100, 'negative_spec_selection': -100, 'break_head_comp_relations': -100, 'negative_tail_test': -100, 'positive_head_comp_selection': 100, 'negative_head_comp_selection': -100, 'negative_semantics_match': -100, 'lf_legibility_condition': -100, 'negative_adverbial_test': -100, 'positive_adverbial_test': 100}
@  2021-03-06 14:38:54.791107
@  Test sentences from language data working directory\study-4c-LHM\LHM_corpus.txt.
@  Logs into language data working directory\study-4c-LHM\LHM_corpus_log.txt.
@  Lexicon from language data working directory\lexicon.txt.
@  Redundancy rules from language data working directory\redundancy_rules.txt.
@  Universal morphemes from language data working directory\ug_morphemes.txt.
@ 
@ 
Number,Sentence,Study_ID,Group 0,Group 1,Total Time,Garden Paths,Memory Reactivation,Steps,Merge,Move Head,Move Phrase,A-Move Phrase,A-bar Move Phrase,Move Adjunct,Agree,Phi,Transfer,Item streamed into syntax,Feature Processing,Extraposition,Inflection,Failed Transfer,LF recovery,LF test,Filter solution,Rank solution,Lexical retrieval,Morphological decomposition,Mean time per word,Asymmetric Merge,Sink,External Tail Test,Execution time (ms)	
1,a' b' c' d' ,1,0,0,410,0,0,5,3,0,0,0,0,0,0,0,10,4,0,0,0,0,0,7,0,0,4,0,102,8,0,0,15
2,a'' b' c' d' ,1,0,0,655,0,0,7,5,10,0,0,0,0,0,0,10,6,0,0,0,0,0,7,2,0,6,1,163,68,2,0,15
3,Pekka istuu ,1,1,0,1365,0,0,4,3,3,1,0,0,1,1,2,3,4,0,0,6,0,1,5,2,1,10,2,682,8,2,8,15
4,Pekka ihailee Merjaa ,1,1,0,2635,0,0,7,6,7,2,0,0,2,2,4,6,7,0,0,12,3,2,9,5,3,19,3,878,18,4,17,31
5,Pekka myi omaisuutensa ,1,1,0,2295,0,0,7,6,7,2,0,0,2,2,4,6,7,0,0,8,3,2,9,5,3,15,3,765,18,4,17,31
6,Pekka istuu tassa ,1,1,0,2255,0,0,9,6,7,3,0,0,3,3,5,8,7,0,0,9,1,2,12,4,3,16,4,751,29,6,31,31
7,Pekka antoi avaimen Merjalle ,1,1,0,3345,0,0,14,9,22,5,0,0,5,6,9,14,10,0,0,11,3,3,22,7,7,21,4,836,83,10,93,78
8,Pekka ei ihaile Merjaa ,1,1,0,2870,0,0,8,7,9,2,0,0,2,7,10,10,8,0,1,12,8,3,15,7,3,20,4,717,26,4,26,46
9,Pekka ei myynyt omaisuuttaan ,1,1,0,2790,0,0,8,7,9,2,0,0,2,7,10,10,8,0,1,9,8,3,15,7,3,17,4,697,26,4,26,46
10,Pekka on' ihaillut Merjaa ,1,1,0,3380,0,0,24,8,14,4,0,0,4,8,11,12,9,0,0,13,6,3,18,7,5,22,4,845,94,15,82,62
11,Pekka ei ollut ihaillut Merjaa ,1,1,0,3655,0,0,9,8,11,3,0,0,3,15,19,15,9,0,1,14,15,4,23,10,4,23,5,731,36,4,37,78
12,Pekka on' myynyt omaisuuttaan ,1,1,0,3090,0,0,24,8,14,4,0,0,4,8,11,12,9,0,0,9,6,3,18,7,5,18,4,772,94,15,82,62
13,Pekka haluaa ihailla Merjaa ,1,1,0,3350,0,0,10,9,17,3,0,0,3,4,8,10,10,3,0,12,7,4,14,9,3,22,4,837,33,6,24,62
14,Pekka haluaa myyda omaisuuttaan ,1,1,0,2950,0,0,10,9,17,3,0,0,3,4,8,10,10,3,0,7,7,4,14,9,3,17,4,737,33,6,24,46
15,Pekan_gen taytyy ihailla Merjaa ,1,1,0,3275,0,0,9,8,13,0,0,0,0,4,9,7,9,3,0,12,7,5,11,8,3,21,4,818,28,5,10,46
16,Pekan_gen taytyy myyda omaisuuttaan ,1,1,0,2875,0,0,9,8,13,0,0,0,0,4,9,7,9,3,0,7,7,5,11,8,3,16,4,718,28,5,10,46
17,Pekan_gen ei taydy ihailla Merjaa ,1,1,0,3625,0,0,10,9,17,0,0,0,0,12,18,12,10,4,1,12,14,6,19,11,3,22,5,725,37,5,13,62
18,Pekan_gen ei taydy myyda omaisuuttaan ,1,1,0,3225,0,0,10,9,17,0,0,0,0,12,18,12,10,4,1,7,14,6,19,11,3,17,5,645,37,5,13,46
19,Pekka ei halua ihailla Merjaa ,1,1,0,3710,0,0,11,10,23,3,0,0,3,12,17,15,11,4,1,12,14,5,22,12,3,23,5,742,46,6,35,78
20,Pekka ei halua myyda omaisuuttaan ,1,1,0,3310,0,0,11,10,23,3,0,0,3,12,17,15,11,4,1,7,14,5,22,12,3,18,5,662,46,6,35,78
21,Pekka sanoo etta haluaa ihailla Merjaa ,1,1,0,4875,0,0,21,12,38,6,0,0,6,17,23,23,13,5,0,13,21,6,35,16,5,26,5,812,99,12,55,140
22,Pekka sanoo etta haluaa myyda omaisuuttaan ,1,1,0,4475,0,0,21,12,38,6,0,0,6,17,23,23,13,5,0,8,21,6,35,16,5,21,5,745,99,12,55,125
23,Pekka kaskee poikien ihailla Merjaa ,1,1,0,4590,0,0,12,11,27,4,0,0,4,9,13,17,12,4,2,17,12,4,24,13,3,29,5,918,57,7,38,93
24,Pekka kaskee poikien myyda omaisuuttaan ,1,1,0,4190,0,0,12,11,27,4,0,0,4,9,13,17,12,4,2,12,12,4,24,13,3,24,5,838,57,7,38,78
25,Pekka elaa ihailemalla Merjaa ,1,1,0,3155,0,0,14,8,10,3,0,0,3,5,8,12,9,0,0,12,2,3,14,6,5,21,4,788,59,9,72,46
26,Pekka elaa haluamalla ihailla Merjaa ,1,1,0,3805,0,0,24,11,20,3,0,0,3,6,11,16,12,3,0,12,5,5,17,10,6,24,5,761,99,16,88,78
27,Pekka teki sopimuksen ihailla Merjaa ,1,1,0,4535,0,0,12,11,30,4,0,0,4,6,11,15,12,4,0,16,15,5,23,13,5,28,5,907,52,7,37,93
28,Pekka teki sopimuksen antaa avaimen Merjalle ,1,1,0,5530,0,0,23,14,71,7,0,0,7,10,16,27,15,12,0,15,15,6,42,15,10,30,6,921,212,17,228,171
29,se sopimus ihailla Merjaa peruuntui ,1,1,0,5256,1,2,12,10,31,1,0,0,1,2,6,17,10,10,1,14,8,4,22,8,6,24,5,1051,56,7,29,93
30,Merjaa ihailee Pekka ,1,1,0,2740,0,0,8,6,9,4,0,0,4,3,6,9,7,0,0,12,1,3,13,4,2,19,3,913,44,5,56,31
31,Merjaa ei ihaile Pekka ,1,1,0,2985,0,0,9,7,11,4,0,0,4,9,13,13,8,0,1,12,6,4,19,6,2,20,4,746,57,5,75,46
32,Merjaa on' ihaillut Pekka ,1,1,0,3495,0,0,26,8,17,4,0,0,4,10,14,13,9,0,0,13,8,4,20,6,5,22,4,873,180,17,204,62
33,Merjaa ei ollut ihaillut Pekka ,1,1,0,3745,0,0,10,8,13,4,0,0,4,18,23,17,9,0,1,14,13,5,26,9,3,23,5,749,72,5,94,78
34,Merjaa haluaa ihailla Pekka ,1,1,0,3445,0,0,11,9,21,4,0,0,4,5,10,12,10,4,0,12,5,5,17,8,4,22,4,861,77,7,89,109
35,Merjaa kaskee poikien ihailla Pekka ,1,1,0,4660,0,0,13,11,31,4,0,0,4,11,16,18,12,5,2,17,10,5,26,12,4,29,5,932,112,8,118,156
36,ihailen Merjaa ,1,1,0,1660,0,0,5,4,3,0,0,0,0,1,3,2,5,0,0,7,1,2,3,3,2,12,2,830,5,3,2,15
37,haluan ihailla Merjaa ,1,1,0,2235,0,0,8,7,9,0,0,0,0,2,6,4,8,2,0,7,3,4,5,6,2,15,3,745,12,5,2,31
38,Pekka ihailee Merjaa Helsingissa ,1,1,0,5436,1,1,14,12,27,5,0,0,5,8,11,18,12,0,2,18,5,3,25,9,6,30,6,1359,84,10,95,125
39,Pekka ei ihaile Merjaa Helsingissa ,1,1,0,7242,2,2,17,16,40,5,0,0,5,23,26,29,15,0,5,21,12,3,40,13,6,36,8,1448,122,12,142,171
40,Pekka on' ihaillut Merjaa Helsingissa ,1,1,0,6381,1,1,52,14,45,7,0,0,7,20,24,26,14,0,2,19,8,4,39,11,8,33,7,1276,328,39,316,171
41,Pekka ei ollut ihaillut Merjaa Helsingissa ,1,1,0,9623,3,3,20,20,53,6,0,0,6,45,48,41,18,0,6,26,21,3,57,18,7,44,10,1603,172,14,208,265
42,Pekka haluaa ihailla Merjaa Helsingissa ,1,1,0,7712,2,2,19,18,60,7,0,0,7,11,16,29,17,11,4,21,11,5,35,15,7,38,8,1542,129,14,118,171
43,Pekan_gen taytyy ihailla Merjaa Helsingissa ,1,1,0,7502,2,2,18,17,50,1,0,0,1,11,17,23,16,11,4,21,11,6,29,14,7,37,8,1500,113,13,71,171
44,Pekka ei halua ihailla Merjaa Helsingissa ,1,1,0,9698,3,3,22,22,83,7,0,0,7,30,35,41,20,15,7,24,20,5,52,20,7,44,10,1616,179,16,169,265
45,Pekka sanoo etta haluaa ihailla Merjaa Helsingissa ,1,1,0,9677,2,2,43,21,107,10,0,0,10,33,40,47,20,17,5,22,26,7,65,22,11,42,9,1382,322,32,227,296
46,Pekka kaskee poikien ihailla Merjaa Helsingissa ,1,1,0,10498,3,3,23,23,83,9,0,0,9,23,28,43,21,15,8,29,18,5,50,21,8,50,10,1749,189,17,159,265
47,Pekka#C/op ihailee Merjaa ,1,1,0,2840,0,0,7,6,7,2,0,2,0,2,4,4,7,0,0,13,3,2,7,5,3,20,4,946,14,4,5,31
48,Pekka#[foc] ihailee Merjaa ,1,1,0,2865,0,0,7,6,7,2,0,2,0,2,4,4,7,0,0,13,3,2,7,5,3,20,4,955,14,4,5,31
49,Pekka#[hAn] ihailee Merjaa ,1,1,0,2865,0,0,7,6,7,2,0,2,0,2,4,4,7,0,0,13,3,2,7,5,3,20,4,955,14,4,5,31
50,Pekka#[kO] ihailee Merjaa ,1,1,0,2840,0,0,7,6,7,2,0,2,0,2,4,4,7,0,0,13,3,2,7,5,3,20,4,946,14,4,5,31
51,Pekka#[pA] ihailee Merjaa ,1,1,0,2840,0,0,7,6,7,2,0,2,0,2,4,4,7,0,0,13,3,2,7,5,3,20,4,946,14,4,5,31
52,Pekka#[foc]#[hAn] ihailee Merjaa ,1,1,0,3175,0,0,7,6,7,2,0,2,0,2,4,4,7,0,0,14,3,2,7,5,3,21,4,1058,14,4,5,31
53,Pekka#[foc]#[kO] ihailee Merjaa ,1,1,0,3150,0,0,7,6,7,2,0,2,0,2,4,4,7,0,0,14,3,2,7,5,3,21,4,1050,14,4,5,46
54,Pekka#[foc]#[pA] ihailee Merjaa ,1,1,0,3150,0,0,7,6,7,2,0,2,0,2,4,4,7,0,0,14,3,2,7,5,3,21,4,1050,14,4,5,31
55,Pekka#[kO]#[hAn] ihailee Merjaa ,1,1,0,3125,0,0,7,6,7,2,0,2,0,2,4,4,7,0,0,14,3,2,7,5,3,21,4,1041,14,4,5,31
56,Pekka#[pA]#[hAn] ihailee Merjaa ,1,1,0,3125,0,0,7,6,7,2,0,2,0,2,4,4,7,0,0,14,3,2,7,5,3,21,4,1041,14,4,5,31
57,Pekka#[foc]#[kO]#[hAn] ihailee Merjaa ,1,1,0,3435,0,0,7,6,7,2,0,2,0,2,4,4,7,0,0,15,3,2,7,5,3,22,4,1145,14,4,5,31
58,Pekka#[foc]#[pA]#[hAn] ihailee Merjaa ,1,1,0,3435,0,0,7,6,7,2,0,2,0,2,4,4,7,0,0,15,3,2,7,5,3,22,4,1145,14,4,5,62
59,Merjaa#C/op ihailee Pekka ,1,1,0,2940,0,0,8,6,9,4,0,3,1,3,6,6,7,0,0,13,1,3,10,4,2,20,4,980,36,5,28,31
60,Merjaa#[foc] ihailee Pekka ,1,1,0,2965,0,0,8,6,9,4,0,3,1,3,6,6,7,0,0,13,1,3,10,4,2,20,4,988,36,5,28,31
61,Merjaa#[hAn] ihailee Pekka ,1,1,0,2965,0,0,8,6,9,4,0,3,1,3,6,6,7,0,0,13,1,3,10,4,2,20,4,988,36,5,28,31
62,Merjaa#[kO] ihailee Pekka ,1,1,0,2940,0,0,8,6,9,4,0,3,1,3,6,6,7,0,0,13,1,3,10,4,2,20,4,980,36,5,28,31
63,Merjaa#[pA] ihailee Pekka ,1,1,0,2940,0,0,8,6,9,4,0,3,1,3,6,6,7,0,0,13,1,3,10,4,2,20,4,980,36,5,28,46
64,Merjaa#[foc]#[hAn] ihailee Pekka ,1,1,0,3275,0,0,8,6,9,4,0,3,1,3,6,6,7,0,0,14,1,3,10,4,2,21,4,1091,36,5,28,46
65,Merjaa#[foc]#[kO] ihailee Pekka ,1,1,0,3250,0,0,8,6,9,4,0,3,1,3,6,6,7,0,0,14,1,3,10,4,2,21,4,1083,36,5,28,46
66,Merjaa#[foc]#[pA] ihailee Pekka ,1,1,0,3250,0,0,8,6,9,4,0,3,1,3,6,6,7,0,0,14,1,3,10,4,2,21,4,1083,36,5,28,46
67,Merjaa#[kO]#[hAn] ihailee Pekka ,1,1,0,3225,0,0,8,6,9,4,0,3,1,3,6,6,7,0,0,14,1,3,10,4,2,21,4,1075,36,5,28,46
68,Merjaa#[pA]#[hAn] ihailee Pekka ,1,1,0,3225,0,0,8,6,9,4,0,3,1,3,6,6,7,0,0,14,1,3,10,4,2,21,4,1075,36,5,28,31
69,Merjaa#[foc]#[kO]#[hAn] ihailee Pekka ,1,1,0,3535,0,0,8,6,9,4,0,3,1,3,6,6,7,0,0,15,1,3,10,4,2,22,4,1178,36,5,28,46
70,Merjaa#[foc]#[pA]#[hAn] ihailee Pekka ,1,1,0,3535,0,0,8,6,9,4,0,3,1,3,6,6,7,0,0,15,1,3,10,4,2,22,4,1178,36,5,28,31
71,Merjaa#C/op Pekka ihailee ,1,1,0,3020,0,0,9,6,8,2,0,1,1,1,3,8,7,0,2,13,4,2,13,4,3,20,4,1006,26,6,18,31
72,Merjaa#[foc] Pekka ihailee ,1,1,0,3045,0,0,9,6,8,2,0,1,1,1,3,8,7,0,2,13,4,2,13,4,3,20,4,1015,26,6,18,31
73,Merjaa#[hAn] Pekka ihailee ,1,1,0,3045,0,0,9,6,8,2,0,1,1,1,3,8,7,0,2,13,4,2,13,4,3,20,4,1015,26,6,18,46
74,Merjaa#[kO] Pekka ihailee ,1,1,0,3020,0,0,9,6,8,2,0,1,1,1,3,8,7,0,2,13,4,2,13,4,3,20,4,1006,26,6,18,31
75,Merjaa#[pA] Pekka ihailee ,1,1,0,3020,0,0,9,6,8,2,0,1,1,1,3,8,7,0,2,13,4,2,13,4,3,20,4,1006,26,6,18,46
76,Merjaa#[foc]#[hAn] Pekka ihailee ,1,1,0,3355,0,0,9,6,8,2,0,1,1,1,3,8,7,0,2,14,4,2,13,4,3,21,4,1118,26,6,18,31
77,Merjaa#[foc]#[kO] Pekka ihailee ,1,1,0,3330,0,0,9,6,8,2,0,1,1,1,3,8,7,0,2,14,4,2,13,4,3,21,4,1110,26,6,18,46
78,Merjaa#[foc]#[pA] Pekka ihailee ,1,1,0,3330,0,0,9,6,8,2,0,1,1,1,3,8,7,0,2,14,4,2,13,4,3,21,4,1110,26,6,18,31
79,Merjaa#[kO]#[hAn] Pekka ihailee ,1,1,0,3305,0,0,9,6,8,2,0,1,1,1,3,8,7,0,2,14,4,2,13,4,3,21,4,1101,26,6,18,31
80,Merjaa#[pA]#[hAn] Pekka ihailee ,1,1,0,3305,0,0,9,6,8,2,0,1,1,1,3,8,7,0,2,14,4,2,13,4,3,21,4,1101,26,6,18,31
81,Merjaa#[foc]#[kO]#[hAn] Pekka ihailee ,1,1,0,3615,0,0,9,6,8,2,0,1,1,1,3,8,7,0,2,15,4,2,13,4,3,22,4,1205,26,6,18,46
82,Merjaa#[foc]#[pA]#[hAn] Pekka ihailee ,1,1,0,3615,0,0,9,6,8,2,0,1,1,1,3,8,7,0,2,15,4,2,13,4,3,22,4,1205,26,6,18,31
83,John sleeps ,1,1,0,1330,0,0,4,3,3,0,0,0,0,1,2,2,4,0,0,6,0,1,4,2,1,10,2,665,6,2,0,15
84,John admires Mary ,1,1,0,2325,0,0,7,6,7,0,0,0,0,2,4,4,7,0,0,11,3,2,7,5,2,18,3,775,13,4,0,31
85,John does admire' Mary ,1,1,0,2375,0,0,7,6,6,0,0,0,0,4,6,7,7,0,0,10,7,2,11,6,3,17,3,593,14,3,0,31
86,John gave the key to Mary ,1,1,0,4621,1,1,15,12,26,0,0,0,0,11,14,24,12,0,1,15,23,3,35,15,8,27,4,770,61,7,5,125
87,John wants to_inf admire' Mary ,1,1,0,3300,0,0,10,9,19,0,0,0,0,6,11,11,10,4,0,11,12,5,16,11,4,21,4,660,31,5,0,78
88,istuu#C/op Pekka ,1,2,0,1900,0,0,5,4,3,1,0,0,1,2,3,3,5,0,0,8,1,1,4,3,2,13,3,950,10,3,8,15
89,istuu#[foc] Pekka ,1,2,0,1925,0,0,5,4,3,1,0,0,1,2,3,3,5,0,0,8,1,1,4,3,2,13,3,962,10,3,8,15
90,istuu#[hAn] Pekka ,1,2,0,1925,0,0,5,4,3,1,0,0,1,2,3,3,5,0,0,8,1,1,4,3,2,13,3,962,10,3,8,15
91,istuu#[kO] Pekka ,1,2,0,1900,0,0,5,4,3,1,0,0,1,2,3,3,5,0,0,8,1,1,4,3,2,13,3,950,10,3,8,15
92,istuu#[pA] Pekka ,1,2,0,1900,0,0,5,4,3,1,0,0,1,2,3,3,5,0,0,8,1,1,4,3,2,13,3,950,10,3,8,31
93,istuu#[foc]#[hAn] Pekka ,1,2,0,2235,0,0,5,4,3,1,0,0,1,2,3,3,5,0,0,9,1,1,4,3,2,14,3,1117,10,3,8,15
94,istuu#[foc]#[kO] Pekka ,1,2,0,2210,0,0,5,4,3,1,0,0,1,2,3,3,5,0,0,9,1,1,4,3,2,14,3,1105,10,3,8,15
95,istuu#[foc]#[pA] Pekka ,1,2,0,2210,0,0,5,4,3,1,0,0,1,2,3,3,5,0,0,9,1,1,4,3,2,14,3,1105,10,3,8,15
96,istuu#[kO]#[hAn] Pekka ,1,2,0,2185,0,0,5,4,3,1,0,0,1,2,3,3,5,0,0,9,1,1,4,3,2,14,3,1092,10,3,8,31
97,istuu#[pA]#[hAn] Pekka ,1,2,0,2185,0,0,5,4,3,1,0,0,1,2,3,3,5,0,0,9,1,1,4,3,2,14,3,1092,10,3,8,15
98,istuu#[foc]#[kO]#[hAn] Pekka ,1,2,0,2495,0,0,5,4,3,1,0,0,1,2,3,3,5,0,0,10,1,1,4,3,2,15,3,1247,10,3,8,15
99,istuu#[foc]#[pA]#[hAn] Pekka ,1,2,0,2495,0,0,5,4,3,1,0,0,1,2,3,3,5,0,0,10,1,1,4,3,2,15,3,1247,10,3,8,15
100,ihailee#C/op Pekka Merjaa ,1,2,0,3235,0,0,8,7,10,2,0,0,2,4,6,6,8,0,0,14,3,2,9,6,2,22,4,1078,24,5,17,46
101,ihailee#[foc] Pekka Merjaa ,1,2,0,3260,0,0,8,7,10,2,0,0,2,4,6,6,8,0,0,14,3,2,9,6,2,22,4,1086,24,5,17,46
102,myi#[foc] Pekka omaisuutensa ,1,2,0,2820,0,0,8,7,10,2,0,0,2,4,6,6,8,0,0,10,3,2,9,6,2,18,4,940,24,5,17,31
103,myi#C/op Pekka omaisuutensa ,1,2,0,2795,0,0,8,7,10,2,0,0,2,4,6,6,8,0,0,10,3,2,9,6,2,18,4,931,24,5,17,31
104,antoi#[foc] Pekka avaimen Merjalle ,1,2,0,4040,0,0,15,10,23,5,0,0,5,8,11,16,11,0,2,13,7,3,24,8,6,24,5,1010,95,11,101,62
105,antoi#C/op Pekka avaimen Merjalle ,1,2,0,4015,0,0,15,10,23,5,0,0,5,8,11,16,11,0,2,13,7,3,24,8,6,24,5,1003,95,11,101,78
106,ei#C/op Pekka ihaile Merjaa ,1,2,0,3395,0,0,9,8,13,3,0,0,3,9,12,11,9,0,1,14,8,3,16,8,4,23,5,848,41,5,39,62
107,ei#[foc] Pekka ihaile Merjaa ,1,2,0,3420,0,0,9,8,13,3,0,0,3,9,12,11,9,0,1,14,8,3,16,8,4,23,5,855,41,5,39,62
108,ei#[hAn] Pekka ihaile Merjaa ,1,2,0,3420,0,0,9,8,13,3,0,0,3,9,12,11,9,0,1,14,8,3,16,8,4,23,5,855,41,5,39,62
109,ei#[kO] Pekka ihaile Merjaa ,1,2,0,3395,0,0,9,8,13,3,0,0,3,9,12,11,9,0,1,14,8,3,16,8,4,23,5,848,41,5,39,62
110,ei#[pA] Pekka ihaile Merjaa ,1,2,0,3395,0,0,9,8,13,3,0,0,3,9,12,11,9,0,1,14,8,3,16,8,4,23,5,848,41,5,39,62
111,ei#[foc]#[hAn] Pekka ihaile Merjaa ,1,2,0,3730,0,0,9,8,13,3,0,0,3,9,12,11,9,0,1,15,8,3,16,8,4,24,5,932,41,5,39,62
112,ei#[foc]#[kO] Pekka ihaile Merjaa ,1,2,0,3705,0,0,9,8,13,3,0,0,3,9,12,11,9,0,1,15,8,3,16,8,4,24,5,926,41,5,39,78
113,ei#[foc]#[pA] Pekka ihaile Merjaa ,1,2,0,3705,0,0,9,8,13,3,0,0,3,9,12,11,9,0,1,15,8,3,16,8,4,24,5,926,41,5,39,62
114,ei#[kO]#[hAn] Pekka ihaile Merjaa ,1,2,0,3680,0,0,9,8,13,3,0,0,3,9,12,11,9,0,1,15,8,3,16,8,4,24,5,920,41,5,39,62
115,ei#[pA]#[hAn] Pekka ihaile Merjaa ,1,2,0,3680,0,0,9,8,13,3,0,0,3,9,12,11,9,0,1,15,8,3,16,8,4,24,5,920,41,5,39,62
116,ei#[foc]#[kO]#[hAn] Pekka ihaile Merjaa ,1,2,0,3990,0,0,9,8,13,3,0,0,3,9,12,11,9,0,1,16,8,3,16,8,4,25,5,997,41,5,39,62
117,ei#[foc]#[pA]#[hAn] Pekka ihaile Merjaa ,1,2,0,3990,0,0,9,8,13,3,0,0,3,9,12,11,9,0,1,16,8,3,16,8,4,25,5,997,41,5,39,62
118,ei#C/op Pekan_gen taydy ihailla Merjaa ,1,2,0,4125,0,0,11,10,22,0,0,0,0,14,20,12,11,4,1,14,14,6,19,12,5,25,6,825,53,6,17,78
119,ei#C/op Pekka halua ihailla Merjaa ,1,2,0,4275,0,0,12,11,28,5,0,0,5,14,19,17,12,4,1,14,14,5,24,13,4,26,6,855,68,7,57,93
120,ei#C/op Pekka ollut ihaillut Merjaa ,1,2,0,4195,0,0,10,9,16,4,0,0,4,18,22,16,10,0,1,16,15,4,24,11,5,26,6,839,58,5,59,93
121,ei#C/op Pekka myynyt omaisuuttaan ,1,2,0,3320,0,0,9,8,13,3,0,0,3,9,12,11,9,0,1,11,8,3,16,8,5,20,5,830,41,5,39,62
122,ei#C/op Pekan_gen taydy myyda omaisuuttaan ,1,2,0,3725,0,0,11,10,22,0,0,0,0,14,20,12,11,4,1,9,14,6,19,12,5,20,6,745,53,6,17,62
123,ei#C/op Pekka halua myyda omaisuuttaan ,1,2,0,3875,0,0,12,11,28,5,0,0,5,14,19,17,12,4,1,9,14,5,24,13,4,21,6,775,68,7,57,93
124,ei#C/op Pekka ollut myynyt omaisuuttaan ,1,2,0,3905,0,0,10,9,16,4,0,0,4,18,22,16,10,0,1,12,15,4,24,11,5,22,6,781,58,5,59,93
125,taytyy#C/op Pekan_gen ihailla Merjaa ,1,2,0,3820,0,0,10,9,16,0,0,0,0,6,11,7,10,3,0,14,6,5,10,9,2,24,5,955,37,6,11,46
126,taytyy#[foc] Pekan_gen ihailla Merjaa ,1,2,0,3845,0,0,10,9,16,0,0,0,0,6,11,7,10,3,0,14,6,5,10,9,2,24,5,961,37,6,11,46
127,taytyy#[hAn] Pekan_gen ihailla Merjaa ,1,2,0,3845,0,0,10,9,16,0,0,0,0,6,11,7,10,3,0,14,6,5,10,9,2,24,5,961,37,6,11,62
128,taytyy#[kO] Pekan_gen ihailla Merjaa ,1,2,0,3820,0,0,10,9,16,0,0,0,0,6,11,7,10,3,0,14,6,5,10,9,2,24,5,955,37,6,11,62
129,taytyy#[pA] Pekan_gen ihailla Merjaa ,1,2,0,3820,0,0,10,9,16,0,0,0,0,6,11,7,10,3,0,14,6,5,10,9,2,24,5,955,37,6,11,46
130,taytyy#[foc]#[hAn] Pekan_gen ihailla Merjaa ,1,2,0,4155,0,0,10,9,16,0,0,0,0,6,11,7,10,3,0,15,6,5,10,9,2,25,5,1038,37,6,11,46
131,taytyy#[foc]#[kO] Pekan_gen ihailla Merjaa ,1,2,0,4130,0,0,10,9,16,0,0,0,0,6,11,7,10,3,0,15,6,5,10,9,2,25,5,1032,37,6,11,46
132,taytyy#[foc]#[pA] Pekan_gen ihailla Merjaa ,1,2,0,4130,0,0,10,9,16,0,0,0,0,6,11,7,10,3,0,15,6,5,10,9,2,25,5,1032,37,6,11,78
133,taytyy#[kO]#[hAn] Pekan_gen ihailla Merjaa ,1,2,0,4105,0,0,10,9,16,0,0,0,0,6,11,7,10,3,0,15,6,5,10,9,2,25,5,1026,37,6,11,62
134,taytyy#[pA]#[hAn] Pekan_gen ihailla Merjaa ,1,2,0,4105,0,0,10,9,16,0,0,0,0,6,11,7,10,3,0,15,6,5,10,9,2,25,5,1026,37,6,11,46
135,taytyy#[foc]#[kO]#[hAn] Pekan_gen ihailla Merjaa ,1,2,0,4415,0,0,10,9,16,0,0,0,0,6,11,7,10,3,0,16,6,5,10,9,2,26,5,1103,37,6,11,46
136,taytyy#[foc]#[pA]#[hAn] Pekan_gen ihailla Merjaa ,1,2,0,4415,0,0,10,9,16,0,0,0,0,6,11,7,10,3,0,16,6,5,10,9,2,26,5,1103,37,6,11,46
137,taytyy#C/op Pekan_gen myyda omaisuuttaan ,1,2,0,3420,0,0,10,9,16,0,0,0,0,6,11,7,10,3,0,9,6,5,10,9,2,19,5,855,37,6,11,46
138,haluaa#[foc] Pekka ihailla Merjaa ,1,2,0,3915,0,0,11,10,19,3,0,0,3,6,10,10,11,3,0,14,6,4,13,10,2,25,5,978,45,7,33,62
139,haluaa#[hAn] Pekka ihailla Merjaa ,1,2,0,3915,0,0,11,10,19,3,0,0,3,6,10,10,11,3,0,14,6,4,13,10,2,25,5,978,45,7,33,62
140,haluaa#[kO] Pekka ihailla Merjaa ,1,2,0,3890,0,0,11,10,19,3,0,0,3,6,10,10,11,3,0,14,6,4,13,10,2,25,5,972,45,7,33,62
141,haluaa#[pA] Pekka ihailla Merjaa ,1,2,0,3890,0,0,11,10,19,3,0,0,3,6,10,10,11,3,0,14,6,4,13,10,2,25,5,972,45,7,33,62
142,haluaa#[foc]#[hAn] Pekka ihailla Merjaa ,1,2,0,4225,0,0,11,10,19,3,0,0,3,6,10,10,11,3,0,15,6,4,13,10,2,26,5,1056,45,7,33,46
143,haluaa#[foc]#[kO] Pekka ihailla Merjaa ,1,2,0,4200,0,0,11,10,19,3,0,0,3,6,10,10,11,3,0,15,6,4,13,10,2,26,5,1050,45,7,33,62
144,haluaa#[foc]#[pA] Pekka ihailla Merjaa ,1,2,0,4200,0,0,11,10,19,3,0,0,3,6,10,10,11,3,0,15,6,4,13,10,2,26,5,1050,45,7,33,62
145,haluaa#[kO]#[hAn] Pekka ihailla Merjaa ,1,2,0,4175,0,0,11,10,19,3,0,0,3,6,10,10,11,3,0,15,6,4,13,10,2,26,5,1043,45,7,33,62
146,haluaa#[pA]#[hAn] Pekka ihailla Merjaa ,1,2,0,4175,0,0,11,10,19,3,0,0,3,6,10,10,11,3,0,15,6,4,13,10,2,26,5,1043,45,7,33,62
147,haluaa#[foc]#[kO]#[hAn] Pekka ihailla Merjaa ,1,2,0,4485,0,0,11,10,19,3,0,0,3,6,10,10,11,3,0,16,6,4,13,10,2,27,5,1121,45,7,33,62
148,haluaa#[foc]#[pA]#[hAn] Pekka ihailla Merjaa ,1,2,0,4485,0,0,11,10,19,3,0,0,3,6,10,10,11,3,0,16,6,4,13,10,2,27,5,1121,45,7,33,62
149,haluaa#C/op Pekka myyda omaisuuttaan ,1,2,0,3490,0,0,11,10,19,3,0,0,3,6,10,10,11,3,0,9,6,4,13,10,2,20,5,872,45,7,33,78
150,on'#C/op Pekka ihaillut Merjaa ,1,2,0,3945,0,0,27,9,19,5,0,0,5,11,14,13,10,0,0,15,6,3,19,8,6,25,5,986,128,18,96,78
151,on'#[foc] Pekka ihaillut Merjaa ,1,2,0,3970,0,0,27,9,19,5,0,0,5,11,14,13,10,0,0,15,6,3,19,8,6,25,5,992,128,18,96,46
152,on'#[hAn] Pekka ihaillut Merjaa ,1,2,0,3970,0,0,27,9,19,5,0,0,5,11,14,13,10,0,0,15,6,3,19,8,6,25,5,992,128,18,96,93
153,on'#[kO] Pekka ihaillut Merjaa ,1,2,0,3945,0,0,27,9,19,5,0,0,5,11,14,13,10,0,0,15,6,3,19,8,6,25,5,986,128,18,96,78
154,on'#[pA] Pekka ihaillut Merjaa ,1,2,0,3945,0,0,27,9,19,5,0,0,5,11,14,13,10,0,0,15,6,3,19,8,6,25,5,986,128,18,96,78
155,on'#[foc]#[hAn] Pekka ihaillut Merjaa ,1,2,0,4280,0,0,27,9,19,5,0,0,5,11,14,13,10,0,0,16,6,3,19,8,6,26,5,1070,128,18,96,93
156,on'#[foc]#[kO] Pekka ihaillut Merjaa ,1,2,0,4255,0,0,27,9,19,5,0,0,5,11,14,13,10,0,0,16,6,3,19,8,6,26,5,1063,128,18,96,78
157,on'#[foc]#[pA] Pekka ihaillut Merjaa ,1,2,0,4255,0,0,27,9,19,5,0,0,5,11,14,13,10,0,0,16,6,3,19,8,6,26,5,1063,128,18,96,78
158,on'#[kO]#[hAn] Pekka ihaillut Merjaa ,1,2,0,4230,0,0,27,9,19,5,0,0,5,11,14,13,10,0,0,16,6,3,19,8,6,26,5,1057,128,18,96,78
159,on'#[pA]#[hAn] Pekka ihaillut Merjaa ,1,2,0,4230,0,0,27,9,19,5,0,0,5,11,14,13,10,0,0,16,6,3,19,8,6,26,5,1057,128,18,96,78
160,on'#[foc]#[kO]#[hAn] Pekka ihaillut Merjaa ,1,2,0,4540,0,0,27,9,19,5,0,0,5,11,14,13,10,0,0,17,6,3,19,8,6,27,5,1135,128,18,96,78
161,on'#[foc]#[pA]#[hAn] Pekka ihaillut Merjaa ,1,2,0,4540,0,0,27,9,19,5,0,0,5,11,14,13,10,0,0,17,6,3,19,8,6,27,5,1135,128,18,96,78
162,on'#C/op Pekka myynyt omaisuuttaan ,1,2,0,3655,0,0,27,9,19,5,0,0,5,11,14,13,10,0,0,11,6,3,19,8,6,21,5,913,128,18,96,62
163,ihailee#C/fin Pekka Merjaa ,1,2,0,3015,0,0,8,7,10,2,0,0,2,4,6,6,8,0,0,12,3,2,9,6,2,20,4,1005,24,5,17,31
164,ei#C/fin Pekka ihaile Merjaa ,1,2,0,3175,0,0,9,8,13,3,0,0,3,9,12,11,9,0,1,12,8,3,16,8,4,21,5,793,41,5,39,62
165,taytyy#C/fin Pekan_gen ihailla Merjaa ,1,2,0,3600,0,0,10,9,16,0,0,0,0,6,11,7,10,3,0,12,6,5,10,9,2,22,5,900,37,6,11,46
166,haluaa#C/fin Pekka ihailla Merjaa ,1,2,0,3670,0,0,11,10,19,3,0,0,3,6,10,10,11,3,0,12,6,4,13,10,2,23,5,917,45,7,33,46
167,on'#C/fin Pekka ihaillut Merjaa ,1,2,0,3725,0,0,27,9,19,5,0,0,5,11,14,13,10,0,0,13,6,3,19,8,6,23,5,931,128,18,96,62
168,myi#C/fin Pekka omaisuuttaan ,1,2,0,2575,0,0,8,7,10,2,0,0,2,4,6,6,8,0,0,8,3,2,9,6,2,16,4,858,24,5,17,31
169,ei#C/fin Pekka myynyt omaisuuttaan ,1,2,0,3100,0,0,9,8,13,3,0,0,3,9,12,11,9,0,1,9,8,3,16,8,5,18,5,775,41,5,39,62
170,taytyy#C/fin Pekan_gen myyda omaisuuttaan ,1,2,0,3200,0,0,10,9,16,0,0,0,0,6,11,7,10,3,0,7,6,5,10,9,2,17,5,800,37,6,11,46
171,haluaa#C/fin Pekka myyda omaisuuttaan ,1,2,0,3270,0,0,11,10,19,3,0,0,3,6,10,10,11,3,0,7,6,4,13,10,2,18,5,817,45,7,33,62
172,on'#C/fin Pekka myynyt omaisuuttaan ,1,2,0,3435,0,0,27,9,19,5,0,0,5,11,14,13,10,0,0,9,6,3,19,8,6,19,5,858,128,18,96,62
173,ihailee#C/op Merjaa Pekka ,1,2,0,3375,0,0,9,7,14,4,0,0,4,6,9,9,8,0,0,14,1,3,13,5,4,22,4,1125,57,6,58,46
174,ihailee#[foc] Merjaa Pekka ,1,2,0,3400,0,0,9,7,14,4,0,0,4,6,9,9,8,0,0,14,1,3,13,5,4,22,4,1133,57,6,58,46
175,ihailee#[hAn] Merjaa Pekka ,1,2,0,3400,0,0,9,7,14,4,0,0,4,6,9,9,8,0,0,14,1,3,13,5,4,22,4,1133,57,6,58,46
176,ihailee#[kO] Merjaa Pekka ,1,2,0,3375,0,0,9,7,14,4,0,0,4,6,9,9,8,0,0,14,1,3,13,5,4,22,4,1125,57,6,58,46
177,ihailee#[pA] Merjaa Pekka ,1,2,0,3375,0,0,9,7,14,4,0,0,4,6,9,9,8,0,0,14,1,3,13,5,4,22,4,1125,57,6,58,46
178,ihailee#[foc]#[hAn] Merjaa Pekka ,1,2,0,3710,0,0,9,7,14,4,0,0,4,6,9,9,8,0,0,15,1,3,13,5,4,23,4,1236,57,6,58,46
179,ihailee#[foc]#[kO] Merjaa Pekka ,1,2,0,3685,0,0,9,7,14,4,0,0,4,6,9,9,8,0,0,15,1,3,13,5,4,23,4,1228,57,6,58,62
180,ihailee#[foc]#[pA] Merjaa Pekka ,1,2,0,3685,0,0,9,7,14,4,0,0,4,6,9,9,8,0,0,15,1,3,13,5,4,23,4,1228,57,6,58,62
181,ihailee#[kO]#[hAn] Merjaa Pekka ,1,2,0,3660,0,0,9,7,14,4,0,0,4,6,9,9,8,0,0,15,1,3,13,5,4,23,4,1220,57,6,58,46
182,ihailee#[pA]#[hAn] Merjaa Pekka ,1,2,0,3660,0,0,9,7,14,4,0,0,4,6,9,9,8,0,0,15,1,3,13,5,4,23,4,1220,57,6,58,46
183,ihailee#[foc]#[kO]#[hAn] Merjaa Pekka ,1,2,0,3970,0,0,9,7,14,4,0,0,4,6,9,9,8,0,0,16,1,3,13,5,4,24,4,1323,57,6,58,46
184,ihailee#[foc]#[pA]#[hAn] Merjaa Pekka ,1,2,0,3970,0,0,9,7,14,4,0,0,4,6,9,9,8,0,0,16,1,3,13,5,4,24,4,1323,57,6,58,46
185,ei#C/op Merjaa ihaile Pekka ,1,2,0,3580,0,0,11,8,18,6,0,0,6,13,17,16,9,0,1,14,4,4,23,6,3,23,5,895,99,7,120,62
186,ei#C/op Merjaa ollut ihaillut Pekka ,1,2,0,4365,0,0,12,9,21,6,0,0,6,24,29,20,10,0,1,16,11,5,30,9,4,26,6,873,123,7,152,93
187,haluaa#C/op Merjaa ihailla Pekka ,1,2,0,4095,0,0,13,10,26,6,0,0,6,8,13,15,11,5,0,14,3,5,19,8,5,25,5,1023,117,9,126,78
188,on'#C/op Merjaa ihaillut Pekka ,1,2,0,4130,0,0,31,9,25,6,0,0,6,15,19,16,10,0,0,15,6,4,24,6,6,25,5,1032,264,22,268,109
189,ei#C/fin omaisuuttaan myynyt Pekka ,1,2,0,3250,0,0,11,8,18,5,0,0,5,13,17,15,9,0,1,9,4,4,22,6,4,18,5,812,104,7,124,78
190,haluaa#C/fin omaisuuttaan myyda Pekka ,1,2,0,4836,1,2,13,12,32,9,0,1,7,10,16,18,12,6,0,7,5,6,22,9,5,19,5,1209,120,9,130,93
191,on'#C/fin Pekka myynyt omaisuuttaan ,1,2,0,3435,0,0,27,9,19,5,0,0,5,11,14,13,10,0,0,9,6,3,19,8,6,19,5,858,128,18,96,140
192,ihailee#C/op Helsingissa Pekka Merjaa ,1,2,0,4725,0,0,12,10,19,4,0,0,4,5,9,16,11,0,3,17,9,4,20,9,5,28,6,1181,69,8,72,78
193,ihailee#[foc] Helsingissa Pekka Merjaa ,1,2,0,4750,0,0,12,10,19,4,0,0,4,5,9,16,11,0,3,17,9,4,20,9,5,28,6,1187,69,8,72,78
194,ihailee#[hAn] Helsingissa Pekka Merjaa ,1,2,0,4750,0,0,12,10,19,4,0,0,4,5,9,16,11,0,3,17,9,4,20,9,5,28,6,1187,69,8,72,109
195,ihailee#[kO] Helsingissa Pekka Merjaa ,1,2,0,4725,0,0,12,10,19,4,0,0,4,5,9,16,11,0,3,17,9,4,20,9,5,28,6,1181,69,8,72,93
196,ihailee#[pA] Helsingissa Pekka Merjaa ,1,2,0,4725,0,0,12,10,19,4,0,0,4,5,9,16,11,0,3,17,9,4,20,9,5,28,6,1181,69,8,72,93
197,ihailee#[foc]#[hAn] Helsingissa Pekka Merjaa ,1,2,0,5060,0,0,12,10,19,4,0,0,4,5,9,16,11,0,3,18,9,4,20,9,5,29,6,1265,69,8,72,93
198,ihailee#[foc]#[kO] Helsingissa Pekka Merjaa ,1,2,0,5035,0,0,12,10,19,4,0,0,4,5,9,16,11,0,3,18,9,4,20,9,5,29,6,1258,69,8,72,109
199,ihailee#[foc]#[pA] Helsingissa Pekka Merjaa ,1,2,0,5035,0,0,12,10,19,4,0,0,4,5,9,16,11,0,3,18,9,4,20,9,5,29,6,1258,69,8,72,93
200,ihailee#[kO]#[hAn] Helsingissa Pekka Merjaa ,1,2,0,5010,0,0,12,10,19,4,0,0,4,5,9,16,11,0,3,18,9,4,20,9,5,29,6,1252,69,8,72,78
201,ihailee#[pA]#[hAn] Helsingissa Pekka Merjaa ,1,2,0,5010,0,0,12,10,19,4,0,0,4,5,9,16,11,0,3,18,9,4,20,9,5,29,6,1252,69,8,72,93
202,ihailee#[foc]#[kO]#[hAn] Helsingissa Pekka Merjaa ,1,2,0,5320,0,0,12,10,19,4,0,0,4,5,9,16,11,0,3,19,9,4,20,9,5,30,6,1330,69,8,72,78
203,ihailee#[foc]#[pA]#[hAn] Helsingissa Pekka Merjaa ,1,2,0,5320,0,0,12,10,19,4,0,0,4,5,9,16,11,0,3,19,9,4,20,9,5,30,6,1330,69,8,72,109
204,ei#C/op Helsingissa Pekan_gen taydy ihailla Merjaa ,1,2,0,5820,0,0,20,13,35,5,0,0,5,17,24,26,14,5,4,17,24,7,33,17,8,31,8,970,176,12,167,156
205,ei#C/op Helsingissa Pekka halua ihailla Merjaa ,1,2,0,6045,0,0,22,14,43,12,0,0,12,17,23,33,15,5,4,17,24,6,40,18,6,32,8,1007,214,14,242,218
206,taytyy#C/op Helsingissa Pekan_gen ihailla Merjaa ,1,2,0,5400,0,0,17,12,27,4,0,0,4,7,13,20,13,4,4,17,13,6,22,13,5,30,7,1080,109,11,95,109
207,haluaa#C/op Helsingissa Pekka ihailla Merjaa ,1,2,0,5475,0,0,18,13,30,7,0,0,7,7,13,23,14,4,3,17,13,6,25,14,5,31,7,1095,134,12,139,140
208,on'#C/op Helsingissa Pekka ihaillut Merjaa ,1,2,0,5510,0,0,43,12,30,9,0,0,9,13,17,25,13,0,3,18,14,4,30,12,9,31,7,1102,308,30,324,125
209,ei#C/op Pekan_gen#top Helsingissa taydy ihailla Merjaa ,1,2,0,6135,0,0,20,13,37,10,0,3,7,17,24,28,14,5,3,18,22,7,31,17,5,32,9,1022,138,12,103,171
210,ei#C/op Pekka Helsingissa halua ihailla Merjaa ,1,2,0,5890,0,0,22,14,45,12,0,0,12,18,24,32,15,5,2,17,22,6,33,18,5,32,8,981,270,14,333,187
211,taytyy#C/op Pekan_gen#top Helsingissa ihailla Merjaa ,1,2,0,5680,0,0,17,12,30,5,0,3,2,8,14,17,13,4,3,18,12,6,21,13,3,31,8,1136,83,11,42,109
212,haluaa#C/op Pekka Helsingissa ihailla Merjaa ,1,2,0,5350,0,0,18,13,34,8,0,0,8,8,13,21,14,4,1,17,11,5,20,14,4,31,7,1070,161,12,178,156
213,on'#C/op Pekka Helsingissa ihaillut Merjaa ,1,2,0,5490,0,0,65,12,37,11,0,0,11,16,20,25,13,0,0,18,10,4,30,11,8,31,7,1098,542,46,594,140
214,ihailen#C/op Merjaa ,1,2,0,2245,0,0,6,5,4,0,0,0,0,2,4,2,6,0,0,9,1,2,3,4,2,15,3,1122,6,4,2,31
215,ihailen#[foc] Merjaa ,1,2,0,2270,0,0,6,5,4,0,0,0,0,2,4,2,6,0,0,9,1,2,3,4,2,15,3,1135,6,4,2,15
216,ihailen#[hAn] Merjaa ,1,2,0,2270,0,0,6,5,4,0,0,0,0,2,4,2,6,0,0,9,1,2,3,4,2,15,3,1135,6,4,2,46
217,ihailen#[kO] Merjaa ,1,2,0,2245,0,0,6,5,4,0,0,0,0,2,4,2,6,0,0,9,1,2,3,4,2,15,3,1122,6,4,2,46
218,ihailen#[pA] Merjaa ,1,2,0,2245,0,0,6,5,4,0,0,0,0,2,4,2,6,0,0,9,1,2,3,4,2,15,3,1122,6,4,2,31
219,ihailen#[foc]#[hAn] Merjaa ,1,2,0,2580,0,0,6,5,4,0,0,0,0,2,4,2,6,0,0,10,1,2,3,4,2,16,3,1290,6,4,2,15
220,ihailen#[foc]#[kO] Merjaa ,1,2,0,2555,0,0,6,5,4,0,0,0,0,2,4,2,6,0,0,10,1,2,3,4,2,16,3,1277,6,4,2,31
221,ihailen#[foc]#[pA] Merjaa ,1,2,0,2555,0,0,6,5,4,0,0,0,0,2,4,2,6,0,0,10,1,2,3,4,2,16,3,1277,6,4,2,31
222,ihailen#[kO]#[hAn] Merjaa ,1,2,0,2530,0,0,6,5,4,0,0,0,0,2,4,2,6,0,0,10,1,2,3,4,2,16,3,1265,6,4,2,15
223,ihailen#[pA]#[hAn] Merjaa ,1,2,0,2530,0,0,6,5,4,0,0,0,0,2,4,2,6,0,0,10,1,2,3,4,2,16,3,1265,6,4,2,15
224,ihailen#[foc]#[kO]#[hAn] Merjaa ,1,2,0,2840,0,0,6,5,4,0,0,0,0,2,4,2,6,0,0,11,1,2,3,4,2,17,3,1420,6,4,2,31
225,ihailen#[foc]#[pA]#[hAn] Merjaa ,1,2,0,2840,0,0,6,5,4,0,0,0,0,2,4,2,6,0,0,11,1,2,3,4,2,17,3,1420,6,4,2,31
226,haluan#C/op ihailla Merjaa ,1,2,0,2810,0,0,9,8,11,0,0,0,0,4,8,4,9,2,0,9,3,4,5,7,2,18,4,936,14,6,2,46
227,ihailee Pekka Merjaa ,1,2,0,
228,ei Pekka ihaile Merjaa ,1,2,0,
229,taytyy Pekan_genn ihailla Merjaa ,1,2,0,
230,haluaa Pekka ihailla Merjaa ,1,2,0,
231,ihailee Pekka ihailee Merjaa ,1,2,0,
232,on' Pekka ihaillut Merjaa ,1,2,0,
233,myi Pekka omaisuutensa ,1,2,0,
234,does#C/fin John admire' Mary ,1,2,0,2660,0,0,8,7,10,0,0,0,0,6,8,7,8,0,0,10,6,2,10,7,3,18,4,665,21,4,0,46
235,admire'#C/fin John does Mary ,1,2,0,
236,ihaile#C/op Pekka ei Merjaa ,1,3,0,3430,0,0,9,8,11,2,0,0,2,8,11,10,9,0,1,14,8,3,15,8,2,23,5,857,37,5,30,46
237,ihaile#[foc] Pekka ei Merjaa ,1,3,0,3455,0,0,9,8,11,2,0,0,2,8,11,10,9,0,1,14,8,3,15,8,2,23,5,863,37,5,30,46
238,ihaile#[hAn] Pekka ei Merjaa ,1,3,0,3455,0,0,9,8,11,2,0,0,2,8,11,10,9,0,1,14,8,3,15,8,2,23,5,863,37,5,30,62
239,ihaile#[kO] Pekka ei Merjaa ,1,3,0,3430,0,0,9,8,11,2,0,0,2,8,11,10,9,0,1,14,8,3,15,8,2,23,5,857,37,5,30,62
240,ihaile#[pA] Pekka ei Merjaa ,1,3,0,3430,0,0,9,8,11,2,0,0,2,8,11,10,9,0,1,14,8,3,15,8,2,23,5,857,37,5,30,78
241,ihaile#[foc]#[hAn] Pekka ei Merjaa ,1,3,0,3765,0,0,9,8,11,2,0,0,2,8,11,10,9,0,1,15,8,3,15,8,2,24,5,941,37,5,30,62
242,ihaile#[foc]#[kO] Pekka ei Merjaa ,1,3,0,3740,0,0,9,8,11,2,0,0,2,8,11,10,9,0,1,15,8,3,15,8,2,24,5,935,37,5,30,62
243,ihaile#[foc]#[pA] Pekka ei Merjaa ,1,3,0,3740,0,0,9,8,11,2,0,0,2,8,11,10,9,0,1,15,8,3,15,8,2,24,5,935,37,5,30,46
244,ihaile#[kO]#[hAn] Pekka ei Merjaa ,1,3,0,3715,0,0,9,8,11,2,0,0,2,8,11,10,9,0,1,15,8,3,15,8,2,24,5,928,37,5,30,46
245,ihaile#[pA]#[hAn] Pekka ei Merjaa ,1,3,0,3715,0,0,9,8,11,2,0,0,2,8,11,10,9,0,1,15,8,3,15,8,2,24,5,928,37,5,30,46
246,ihaile#[foc]#[kO]#[hAn] Pekka ei Merjaa ,1,3,0,4025,0,0,9,8,11,2,0,0,2,8,11,10,9,0,1,16,8,3,15,8,2,25,5,1006,37,5,30,62
247,ihaile#[foc]#[pA]#[hAn] Pekka ei Merjaa ,1,3,0,4025,0,0,9,8,11,2,0,0,2,8,11,10,9,0,1,16,8,3,15,8,2,25,5,1006,37,5,30,46
248,myi#C/op Pekka omaisuutensa ,1,3,0,2795,0,0,8,7,10,2,0,0,2,4,6,6,8,0,0,10,3,2,9,6,2,18,4,931,24,5,17,31
249,ihaillut#C/op Pekka on' Merjaa ,1,3,0,3985,0,0,16,9,15,4,0,0,4,9,12,12,10,0,0,15,6,3,18,8,4,25,5,996,108,10,84,62
250,ihaillut#[foc] Pekka on' Merjaa ,1,3,0,4010,0,0,16,9,15,4,0,0,4,9,12,12,10,0,0,15,6,3,18,8,4,25,5,1002,108,10,84,62
251,ihaillut#[hAn] Pekka on' Merjaa ,1,3,0,4010,0,0,16,9,15,4,0,0,4,9,12,12,10,0,0,15,6,3,18,8,4,25,5,1002,108,10,84,62
252,ihaillut#[kO] Pekka on' Merjaa ,1,3,0,3985,0,0,16,9,15,4,0,0,4,9,12,12,10,0,0,15,6,3,18,8,4,25,5,996,108,10,84,62
253,ihaillut#[pA] Pekka on' Merjaa ,1,3,0,3985,0,0,16,9,15,4,0,0,4,9,12,12,10,0,0,15,6,3,18,8,4,25,5,996,108,10,84,62
254,ihaillut#[foc]#[hAn] Pekka on' Merjaa ,1,3,0,4320,0,0,16,9,15,4,0,0,4,9,12,12,10,0,0,16,6,3,18,8,4,26,5,1080,108,10,84,62
255,ihaillut#[foc]#[kO] Pekka on' Merjaa ,1,3,0,4295,0,0,16,9,15,4,0,0,4,9,12,12,10,0,0,16,6,3,18,8,4,26,5,1073,108,10,84,62
256,ihaillut#[foc]#[pA] Pekka on' Merjaa ,1,3,0,4295,0,0,16,9,15,4,0,0,4,9,12,12,10,0,0,16,6,3,18,8,4,26,5,1073,108,10,84,62
257,ihaillut#[kO]#[hAn] Pekka on' Merjaa ,1,3,0,4270,0,0,16,9,15,4,0,0,4,9,12,12,10,0,0,16,6,3,18,8,4,26,5,1067,108,10,84,62
258,ihaillut#[pA]#[hAn] Pekka on' Merjaa ,1,3,0,4270,0,0,16,9,15,4,0,0,4,9,12,12,10,0,0,16,6,3,18,8,4,26,5,1067,108,10,84,62
259,ihaillut#[foc]#[kO]#[hAn] Pekka on' Merjaa ,1,3,0,4580,0,0,16,9,15,4,0,0,4,9,12,12,10,0,0,17,6,3,18,8,4,27,5,1145,108,10,84,62
260,ihaillut#[foc]#[pA]#[hAn] Pekka on' Merjaa ,1,3,0,4580,0,0,16,9,15,4,0,0,4,9,12,12,10,0,0,17,6,3,18,8,4,27,5,1145,108,10,84,62
261,myynyt#C/op Pekka on' omaisuutensa ,1,3,0,3645,0,0,16,9,15,4,0,0,4,9,12,12,10,0,0,11,6,3,18,8,4,21,5,911,118,10,106,62
262,ihailla#C/op Pekka haluaa Merjaa ,1,3,0,3970,0,0,11,10,17,3,0,0,3,6,10,10,11,2,0,14,8,4,15,10,4,25,5,992,40,7,24,62
263,ihailla#[foc] Pekka haluaa Merjaa ,1,3,0,3995,0,0,11,10,17,3,0,0,3,6,10,10,11,2,0,14,8,4,15,10,4,25,5,998,40,7,24,62
264,ihailla#[hAn] Pekka haluaa Merjaa ,1,3,0,3995,0,0,11,10,17,3,0,0,3,6,10,10,11,2,0,14,8,4,15,10,4,25,5,998,40,7,24,62
265,ihailla#[kO] Pekka haluaa Merjaa ,1,3,0,3970,0,0,11,10,17,3,0,0,3,6,10,10,11,2,0,14,8,4,15,10,4,25,5,992,40,7,24,46
266,ihailla#[pA] Pekka haluaa Merjaa ,1,3,0,3970,0,0,11,10,17,3,0,0,3,6,10,10,11,2,0,14,8,4,15,10,4,25,5,992,40,7,24,93
267,ihailla#[foc]#[hAn] Pekka haluaa Merjaa ,1,3,0,4305,0,0,11,10,17,3,0,0,3,6,10,10,11,2,0,15,8,4,15,10,4,26,5,1076,40,7,24,78
268,ihailla#[foc]#[kO] Pekka haluaa Merjaa ,1,3,0,4280,0,0,11,10,17,3,0,0,3,6,10,10,11,2,0,15,8,4,15,10,4,26,5,1070,40,7,24,62
269,ihailla#[foc]#[pA] Pekka haluaa Merjaa ,1,3,0,4280,0,0,11,10,17,3,0,0,3,6,10,10,11,2,0,15,8,4,15,10,4,26,5,1070,40,7,24,62
270,ihailla#[kO]#[hAn] Pekka haluaa Merjaa ,1,3,0,4255,0,0,11,10,17,3,0,0,3,6,10,10,11,2,0,15,8,4,15,10,4,26,5,1063,40,7,24,62
271,ihailla#[pA]#[hAn] Pekka haluaa Merjaa ,1,3,0,4255,0,0,11,10,17,3,0,0,3,6,10,10,11,2,0,15,8,4,15,10,4,26,5,1063,40,7,24,62
272,ihailla#[foc]#[kO]#[hAn] Pekka haluaa Merjaa ,1,3,0,4565,0,0,11,10,17,3,0,0,3,6,10,10,11,2,0,16,8,4,15,10,4,27,5,1141,40,7,24,62
273,ihailla#[foc]#[pA]#[hAn] Pekka haluaa Merjaa ,1,3,0,4565,0,0,11,10,17,3,0,0,3,6,10,10,11,2,0,16,8,4,15,10,4,27,5,1141,40,7,24,62
274,myyda#C/op Pekka haluaa omaisuutensa ,1,3,0,3520,0,0,11,10,17,3,0,0,3,6,10,10,11,2,0,9,8,4,15,10,4,20,5,880,40,7,24,46
275,ihailla#C/op Pekan_gen taytyy Merjaa ,1,3,0,3900,0,0,10,9,14,0,0,0,0,6,11,7,10,2,0,14,8,5,12,9,4,24,5,975,36,6,10,46
276,ihailla#[foc] Pekan_gen taytyy Merjaa ,1,3,0,3925,0,0,10,9,14,0,0,0,0,6,11,7,10,2,0,14,8,5,12,9,4,24,5,981,36,6,10,62
277,ihailla#[hAn] Pekan_gen taytyy Merjaa ,1,3,0,3925,0,0,10,9,14,0,0,0,0,6,11,7,10,2,0,14,8,5,12,9,4,24,5,981,36,6,10,93
278,ihailla#[kO] Pekan_gen taytyy Merjaa ,1,3,0,3900,0,0,10,9,14,0,0,0,0,6,11,7,10,2,0,14,8,5,12,9,4,24,5,975,36,6,10,62
279,ihailla#[pA] Pekan_gen taytyy Merjaa ,1,3,0,3900,0,0,10,9,14,0,0,0,0,6,11,7,10,2,0,14,8,5,12,9,4,24,5,975,36,6,10,62
280,ihailla#[foc]#[hAn] Pekan_gen taytyy Merjaa ,1,3,0,4235,0,0,10,9,14,0,0,0,0,6,11,7,10,2,0,15,8,5,12,9,4,25,5,1058,36,6,10,62
281,ihailla#[foc]#[kO] Pekan_gen taytyy Merjaa ,1,3,0,4210,0,0,10,9,14,0,0,0,0,6,11,7,10,2,0,15,8,5,12,9,4,25,5,1052,36,6,10,62
282,ihailla#[foc]#[pA] Pekan_gen taytyy Merjaa ,1,3,0,4210,0,0,10,9,14,0,0,0,0,6,11,7,10,2,0,15,8,5,12,9,4,25,5,1052,36,6,10,62
283,ihailla#[kO]#[hAn] Pekan_gen taytyy Merjaa ,1,3,0,4185,0,0,10,9,14,0,0,0,0,6,11,7,10,2,0,15,8,5,12,9,4,25,5,1046,36,6,10,62
284,ihailla#[pA]#[hAn] Pekan_gen taytyy Merjaa ,1,3,0,4185,0,0,10,9,14,0,0,0,0,6,11,7,10,2,0,15,8,5,12,9,4,25,5,1046,36,6,10,62
285,ihailla#[foc]#[kO]#[hAn] Pekan_gen taytyy Merjaa ,1,3,0,4495,0,0,10,9,14,0,0,0,0,6,11,7,10,2,0,16,8,5,12,9,4,26,5,1123,36,6,10,46
286,ihailla#[foc]#[pA]#[hAn] Pekan_gen taytyy Merjaa ,1,3,0,4495,0,0,10,9,14,0,0,0,0,6,11,7,10,2,0,16,8,5,12,9,4,26,5,1123,36,6,10,62
287,myyda#C/op Pekan_gen taytyy omaisuutensa ,1,3,0,3450,0,0,10,9,14,0,0,0,0,6,11,7,10,2,0,9,8,5,12,9,4,19,5,862,36,6,10,62
288,ihaile#C/op Merjaa ei Pekka ,1,3,0,3570,0,0,10,8,14,4,0,0,4,11,15,13,9,0,1,14,6,4,19,7,3,23,5,892,78,6,87,62
289,ihaile#[foc] Merjaa ei Pekka ,1,3,0,3595,0,0,10,8,14,4,0,0,4,11,15,13,9,0,1,14,6,4,19,7,3,23,5,898,78,6,87,46
290,ihaile#[hAn] Merjaa ei Pekka ,1,3,0,3595,0,0,10,8,14,4,0,0,4,11,15,13,9,0,1,14,6,4,19,7,3,23,5,898,78,6,87,78
291,ihaile#[kO] Merjaa ei Pekka ,1,3,0,3570,0,0,10,8,14,4,0,0,4,11,15,13,9,0,1,14,6,4,19,7,3,23,5,892,78,6,87,62
292,ihaile#[pA] Merjaa ei Pekka ,1,3,0,3570,0,0,10,8,14,4,0,0,4,11,15,13,9,0,1,14,6,4,19,7,3,23,5,892,78,6,87,62
293,ihaile#[foc]#[hAn] Merjaa ei Pekka ,1,3,0,3905,0,0,10,8,14,4,0,0,4,11,15,13,9,0,1,15,6,4,19,7,3,24,5,976,78,6,87,78
294,ihaile#[foc]#[kO] Merjaa ei Pekka ,1,3,0,3880,0,0,10,8,14,4,0,0,4,11,15,13,9,0,1,15,6,4,19,7,3,24,5,970,78,6,87,93
295,ihaile#[foc]#[pA] Merjaa ei Pekka ,1,3,0,3880,0,0,10,8,14,4,0,0,4,11,15,13,9,0,1,15,6,4,19,7,3,24,5,970,78,6,87,78
296,ihaile#[kO]#[hAn] Merjaa ei Pekka ,1,3,0,3855,0,0,10,8,14,4,0,0,4,11,15,13,9,0,1,15,6,4,19,7,3,24,5,963,78,6,87,78
297,ihaile#[pA]#[hAn] Merjaa ei Pekka ,1,3,0,3855,0,0,10,8,14,4,0,0,4,11,15,13,9,0,1,15,6,4,19,7,3,24,5,963,78,6,87,78
298,ihaile#[foc]#[kO]#[hAn] Merjaa ei Pekka ,1,3,0,4165,0,0,10,8,14,4,0,0,4,11,15,13,9,0,1,16,6,4,19,7,3,25,5,1041,78,6,87,78
299,ihaile#[foc]#[pA]#[hAn] Merjaa ei Pekka ,1,3,0,4165,0,0,10,8,14,4,0,0,4,11,15,13,9,0,1,16,6,4,19,7,3,25,5,1041,78,6,87,93
300,ihaillut#C/op Merjaa on' Pekka ,1,3,0,4125,0,0,18,9,19,4,0,0,4,12,16,13,10,0,0,15,8,4,20,7,6,25,5,1031,212,12,216,93
301,ihailla#C/op Merjaa haluaa Pekka ,1,3,0,4070,0,0,12,10,22,4,0,0,4,8,13,12,11,3,0,14,6,5,18,9,3,25,5,1017,91,8,91,78
302,myynyt#C/op omaisuuttaan ei Pekka ,1,3,0,3455,0,0,10,8,14,3,0,0,3,11,15,12,9,0,1,11,6,4,18,7,3,20,5,863,83,6,91,62
303,myynyt#C/op omaisuuttaan on' Pekka ,1,3,0,5166,1,2,18,11,24,5,0,0,5,18,22,16,11,0,0,11,10,4,24,8,6,22,5,1291,222,12,224,93
304,myyda#C/op omaisuuttaan haluaa Pekka ,1,3,0,4991,1,2,12,12,28,5,0,0,5,12,17,15,12,4,0,9,8,5,22,10,3,21,5,1247,94,8,95,93
305,ihailla#C/op haluan Merjaa ,1,3,0,2875,0,0,9,8,11,0,0,0,0,4,8,4,9,2,0,9,4,4,6,7,4,18,4,958,16,6,2,31
306,ihailla#[foc] haluan Merjaa ,1,3,0,2900,0,0,9,8,11,0,0,0,0,4,8,4,9,2,0,9,4,4,6,7,4,18,4,966,16,6,2,31
307,ihailla#[hAn] haluan Merjaa ,1,3,0,2900,0,0,9,8,11,0,0,0,0,4,8,4,9,2,0,9,4,4,6,7,4,18,4,966,16,6,2,46
308,ihailla#[kO] haluan Merjaa ,1,3,0,2875,0,0,9,8,11,0,0,0,0,4,8,4,9,2,0,9,4,4,6,7,4,18,4,958,16,6,2,31
309,ihailla#[pA] haluan Merjaa ,1,3,0,2875,0,0,9,8,11,0,0,0,0,4,8,4,9,2,0,9,4,4,6,7,4,18,4,958,16,6,2,31
310,ihailla#[foc]#[hAn] haluan Merjaa ,1,3,0,3210,0,0,9,8,11,0,0,0,0,4,8,4,9,2,0,10,4,4,6,7,4,19,4,1070,16,6,2,46
311,ihailla#[foc]#[kO] haluan Merjaa ,1,3,0,3185,0,0,9,8,11,0,0,0,0,4,8,4,9,2,0,10,4,4,6,7,4,19,4,1061,16,6,2,46
312,ihailla#[foc]#[pA] haluan Merjaa ,1,3,0,3185,0,0,9,8,11,0,0,0,0,4,8,4,9,2,0,10,4,4,6,7,4,19,4,1061,16,6,2,46
313,ihailla#[kO]#[hAn] haluan Merjaa ,1,3,0,3160,0,0,9,8,11,0,0,0,0,4,8,4,9,2,0,10,4,4,6,7,4,19,4,1053,16,6,2,46
314,ihailla#[pA]#[hAn] haluan Merjaa ,1,3,0,3160,0,0,9,8,11,0,0,0,0,4,8,4,9,2,0,10,4,4,6,7,4,19,4,1053,16,6,2,46
315,ihailla#[foc]#[kO]#[hAn] haluan Merjaa ,1,3,0,3470,0,0,9,8,11,0,0,0,0,4,8,4,9,2,0,11,4,4,6,7,4,20,4,1156,16,6,2,46
316,ihailla#[foc]#[pA]#[hAn] haluan Merjaa ,1,3,0,3470,0,0,9,8,11,0,0,0,0,4,8,4,9,2,0,11,4,4,6,7,4,20,4,1156,16,6,2,46
317,ihaile#C/op Helsingissa Pekka ei Merjaa ,1,3,0,5050,0,0,14,11,22,5,0,0,5,11,15,22,12,0,5,17,16,4,29,12,5,29,7,1010,127,8,146,109
318,ihaile#[foc] Helsingissa Pekka ei Merjaa ,1,3,0,5075,0,0,14,11,22,5,0,0,5,11,15,22,12,0,5,17,16,4,29,12,5,29,7,1015,127,8,146,109
319,ihaile#[hAn] Helsingissa Pekka ei Merjaa ,1,3,0,5075,0,0,14,11,22,5,0,0,5,11,15,22,12,0,5,17,16,4,29,12,5,29,7,1015,127,8,146,109
320,ihaile#[kO] Helsingissa Pekka ei Merjaa ,1,3,0,5050,0,0,14,11,22,5,0,0,5,11,15,22,12,0,5,17,16,4,29,12,5,29,7,1010,127,8,146,125
321,ihaile#[pA] Helsingissa Pekka ei Merjaa ,1,3,0,5050,0,0,14,11,22,5,0,0,5,11,15,22,12,0,5,17,16,4,29,12,5,29,7,1010,127,8,146,125
322,ihaile#[foc]#[hAn] Helsingissa Pekka ei Merjaa ,1,3,0,5385,0,0,14,11,22,5,0,0,5,11,15,22,12,0,5,18,16,4,29,12,5,30,7,1077,127,8,146,125
323,ihaile#[foc]#[kO] Helsingissa Pekka ei Merjaa ,1,3,0,5360,0,0,14,11,22,5,0,0,5,11,15,22,12,0,5,18,16,4,29,12,5,30,7,1072,127,8,146,125
324,ihaile#[foc]#[pA] Helsingissa Pekka ei Merjaa ,1,3,0,5360,0,0,14,11,22,5,0,0,5,11,15,22,12,0,5,18,16,4,29,12,5,30,7,1072,127,8,146,125
325,ihaile#[kO]#[hAn] Helsingissa Pekka ei Merjaa ,1,3,0,5335,0,0,14,11,22,5,0,0,5,11,15,22,12,0,5,18,16,4,29,12,5,30,7,1067,127,8,146,109
326,ihaile#[pA]#[hAn] Helsingissa Pekka ei Merjaa ,1,3,0,5335,0,0,14,11,22,5,0,0,5,11,15,22,12,0,5,18,16,4,29,12,5,30,7,1067,127,8,146,109
327,ihaile#[foc]#[kO]#[hAn] Helsingissa Pekka ei Merjaa ,1,3,0,5645,0,0,14,11,22,5,0,0,5,11,15,22,12,0,5,19,16,4,29,12,5,31,7,1129,127,8,146,125
328,ihaile#[foc]#[pA]#[hAn] Helsingissa Pekka ei Merjaa ,1,3,0,5645,0,0,14,11,22,5,0,0,5,11,15,22,12,0,5,19,16,4,29,12,5,31,7,1129,127,8,146,125
329,ihaillut#C/op Helsingissa Pekka on' Merjaa ,1,3,0,5725,0,0,27,12,28,11,0,0,11,13,17,28,13,0,4,18,12,4,35,11,9,31,7,1145,325,18,350,140
330,ihailla#C/op Helsingissa Pekka haluaa Merjaa ,1,3,0,5625,0,0,18,13,30,7,0,0,7,8,13,24,14,3,3,17,16,5,30,14,8,31,7,1125,147,12,159,125
331,ihailla#C/op Helsingissa Pekan_gen taytyy Merjaa ,1,3,0,5510,0,0,16,12,26,3,0,0,3,8,14,19,13,3,4,17,16,6,25,13,8,30,7,1102,115,10,92,109
332,ihaile#C/op Pekka Helsingissa ei Merjaa ,1,3,0,4820,0,0,14,11,24,4,0,0,4,9,13,18,12,0,2,17,14,4,22,12,4,29,7,964,153,8,180,109
333,ihaillut#C/op Pekka Helsingissa on' Merjaa ,1,3,0,5505,0,0,25,12,29,10,0,0,10,12,16,24,13,0,2,18,12,4,26,12,5,31,7,1101,354,16,402,125
334,ihailla#C/op Pekka Helsingissa haluaa Merjaa ,1,3,0,5455,0,0,18,13,32,7,0,0,7,8,13,21,14,3,2,17,14,5,23,14,5,31,7,1091,168,12,179,125
335,ihailla#C/op Pekan_gen Helsingissa taytyy Merjaa ,1,3,0,5365,0,0,16,12,28,4,0,0,4,8,14,18,13,3,2,17,14,6,19,13,5,30,7,1073,123,10,89,109
336,myi#C/op Pekka omaisuutensa Helsingissa ,1,3,0,7237,2,2,15,16,35,7,0,0,7,14,17,26,15,0,6,19,13,3,33,12,5,34,8,1809,96,11,103,125
337,myynyt#C/op Pekka on' omaisuutensa Helsingissa ,1,3,0,6866,1,1,40,15,41,10,0,0,10,24,28,31,15,0,2,17,14,4,42,13,8,32,8,1373,416,30,456,156
338,myyda#C/op Pekka haluaa omaisuutensa Helsingissa ,1,3,0,9548,3,3,20,22,68,12,0,0,12,24,29,37,20,7,4,21,14,5,48,18,8,41,10,1909,167,15,151,250
339,myyda#C/op Pekan_gen taytyy omaisuutensa Helsingissa ,1,3,0,6431,1,1,15,15,38,1,0,0,1,16,22,21,15,5,4,15,14,6,30,15,6,30,8,1286,104,10,67,140
340,ihaile#C/fin Pekka ei Merjaa ,1,3,0,
341,ihaillut#C/fin Pekka on' Merjaa ,1,3,0,
342,ihailla#C/fin Pekka haluaa Merjaa ,1,3,0,
343,ihailla#C/fin Pekan_gen taytyy Merjaa ,1,3,0,
344,ihallut#C/fin Pekka ei ollut Merjaa ,1,3,0,
345,ihaile Pekka ei Merjaa ,1,3,0,
346,ihaillut Pekka on' Merjaa ,1,3,0,
347,ihailla Pekka haluaa Merjaa ,1,3,0,
348,ihailla Pekan_gen taytyy Merjaa ,1,3,0,
349,ihallut Pekka ei ollut Merjaa ,1,3,0,
350,myynyt#C/fin Pekka ei omaisuuttaan ,1,3,0,
351,myynyt#C/fin Pekka on omaisuuttaan ,1,3,0,
352,myyda#C/fin Pekka haluaa omaisuuttaan ,1,3,0,
353,myyda#C/fin Pekan_gen taytyy omaisuuttaan ,1,3,0,
354,myynyt#C/fin Pekka ei ollut omaisuuttaan ,1,3,0,
355,myynyt Pekka ei omaisuuttaan ,1,3,0,
356,myynyt Pekka on omaisuuttaan ,1,3,0,
357,myyda Pekka haluaa omaisuuttaan ,1,3,0,
358,myyda Pekan_gen taytyy omaisuuttaan ,1,3,0,
359,myynyt Pekka ei ollut omaisuuttaan ,1,3,0,
360,ihailla#C/op Pekka kaskee poikien Merjaa ,1,3,0,
361,ihailla#[foc] Pekka kaskee poikien Merjaa ,1,3,0,
362,ihailla#[hAn] Pekka kaskee poikien Merjaa ,1,3,0,
363,ihailla#[kO] Pekka kaskee poikien Merjaa ,1,3,0,
364,ihailla#[pA] Pekka kaskee poikien Merjaa ,1,3,0,
365,ihailla#[foc]#[hAn] Pekka kaskee poikien Merjaa ,1,3,0,
366,ihailla#[foc]#[kO] Pekka kaskee poikien Merjaa ,1,3,0,
367,ihailla#[foc]#[pA] Pekka kaskee poikien Merjaa ,1,3,0,
368,ihailla#[kO]#[hAn] Pekka kaskee poikien Merjaa ,1,3,0,
369,ihailla#[pA]#[hAn] Pekka kaskee poikien Merjaa ,1,3,0,
370,ihailla#[foc]#[kO]#[hAn] Pekka kaskee poikien Merjaa ,1,3,0,
371,ihailla#[foc]#[pA]#[hAn] Pekka kaskee poikien Merjaa ,1,3,0,
372,ihailla#C/fin Pekka kaskee poikien Merjaa ,1,3,0,
373,ihailla Pekka kaskee poikien Merjaa ,1,3,0,
374,ollut#C/fin Pekka ei ihaillut Merjaa ,1,3,0,
375,ollut Pekka ei ihaillut Merjaa ,1,3,0,
376,ihaillut#C/op Pekka ei ollut Merjaa ,1,3,0,
377,admire' John wants to_inf Mary ,1,3,0,
378,to_inf admire' John wants Mary ,1,3,0,
379,to_inf John wants admire' Mary ,1,3,0,
380,admire'#C/fin John wants to_inf Mary ,1,3,0,
381,to_inf#C/fin admire' John wants Mary ,1,3,0,
382,to_inf#C/fin John wants admire' Mary ,1,3,0,
383,taydy#C/op Pekan_gen ei ihailla Merjaa ,1,4,0,4195,0,0,11,10,19,0,0,0,0,13,19,12,11,4,3,14,14,6,19,12,3,25,6,839,51,6,16,78
384,taydy#[foc] Pekan_gen ei ihailla Merjaa ,1,4,0,4220,0,0,11,10,19,0,0,0,0,13,19,12,11,4,3,14,14,6,19,12,3,25,6,844,51,6,16,78
385,taydy#[hAn] Pekan_gen ei ihailla Merjaa ,1,4,0,4220,0,0,11,10,19,0,0,0,0,13,19,12,11,4,3,14,14,6,19,12,3,25,6,844,51,6,16,78
386,taydy#[kO] Pekan_gen ei ihailla Merjaa ,1,4,0,4195,0,0,11,10,19,0,0,0,0,13,19,12,11,4,3,14,14,6,19,12,3,25,6,839,51,6,16,93
387,taydy#[pA] Pekan_gen ei ihailla Merjaa ,1,4,0,4195,0,0,11,10,19,0,0,0,0,13,19,12,11,4,3,14,14,6,19,12,3,25,6,839,51,6,16,62
388,taydy#[foc]#[hAn] Pekan_gen ei ihailla Merjaa ,1,4,0,4530,0,0,11,10,19,0,0,0,0,13,19,12,11,4,3,15,14,6,19,12,3,26,6,906,51,6,16,62
389,taydy#[foc]#[kO] Pekan_gen ei ihailla Merjaa ,1,4,0,4505,0,0,11,10,19,0,0,0,0,13,19,12,11,4,3,15,14,6,19,12,3,26,6,901,51,6,16,78
390,taydy#[foc]#[pA] Pekan_gen ei ihailla Merjaa ,1,4,0,4505,0,0,11,10,19,0,0,0,0,13,19,12,11,4,3,15,14,6,19,12,3,26,6,901,51,6,16,78
391,taydy#[kO]#[hAn] Pekan_gen ei ihailla Merjaa ,1,4,0,4480,0,0,11,10,19,0,0,0,0,13,19,12,11,4,3,15,14,6,19,12,3,26,6,896,51,6,16,78
392,taydy#[pA]#[hAn] Pekan_gen ei ihailla Merjaa ,1,4,0,4480,0,0,11,10,19,0,0,0,0,13,19,12,11,4,3,15,14,6,19,12,3,26,6,896,51,6,16,62
393,taydy#[foc]#[kO]#[hAn] Pekan_gen ei ihailla Merjaa ,1,4,0,4790,0,0,11,10,19,0,0,0,0,13,19,12,11,4,3,16,14,6,19,12,3,27,6,958,51,6,16,109
394,taydy#[foc]#[pA]#[hAn] Pekan_gen ei ihailla Merjaa ,1,4,0,4790,0,0,11,10,19,0,0,0,0,13,19,12,11,4,3,16,14,6,19,12,3,27,6,958,51,6,16,78
395,taydy#C/op Pekan_gen ei myyda omaisuuttaan ,1,4,0,3795,0,0,11,10,19,0,0,0,0,13,19,12,11,4,3,9,14,6,19,12,3,20,6,759,51,6,16,62
396,ihailla#C/op Pekan_gen ei taydy Merjaa ,1,4,0,4305,0,0,11,10,18,0,0,0,0,14,20,13,11,3,3,14,15,6,21,12,5,25,6,861,51,6,13,62
397,ihailla#[foc] Pekan_gen ei taydy Merjaa ,1,4,0,4330,0,0,11,10,18,0,0,0,0,14,20,13,11,3,3,14,15,6,21,12,5,25,6,866,51,6,13,78
398,ihailla#[hAn] Pekan_gen ei taydy Merjaa ,1,4,0,4330,0,0,11,10,18,0,0,0,0,14,20,13,11,3,3,14,15,6,21,12,5,25,6,866,51,6,13,78
399,ihailla#[kO] Pekan_gen ei taydy Merjaa ,1,4,0,4305,0,0,11,10,18,0,0,0,0,14,20,13,11,3,3,14,15,6,21,12,5,25,6,861,51,6,13,62
400,ihailla#[pA] Pekan_gen ei taydy Merjaa ,1,4,0,4305,0,0,11,10,18,0,0,0,0,14,20,13,11,3,3,14,15,6,21,12,5,25,6,861,51,6,13,78
401,ihailla#[foc]#[hAn] Pekan_gen ei taydy Merjaa ,1,4,0,4640,0,0,11,10,18,0,0,0,0,14,20,13,11,3,3,15,15,6,21,12,5,26,6,928,51,6,13,78
402,ihailla#[foc]#[kO] Pekan_gen ei taydy Merjaa ,1,4,0,4615,0,0,11,10,18,0,0,0,0,14,20,13,11,3,3,15,15,6,21,12,5,26,6,923,51,6,13,78
403,ihailla#[foc]#[pA] Pekan_gen ei taydy Merjaa ,1,4,0,4615,0,0,11,10,18,0,0,0,0,14,20,13,11,3,3,15,15,6,21,12,5,26,6,923,51,6,13,78
404,ihailla#[kO]#[hAn] Pekan_gen ei taydy Merjaa ,1,4,0,4590,0,0,11,10,18,0,0,0,0,14,20,13,11,3,3,15,15,6,21,12,5,26,6,918,51,6,13,78
405,ihailla#[pA]#[hAn] Pekan_gen ei taydy Merjaa ,1,4,0,4590,0,0,11,10,18,0,0,0,0,14,20,13,11,3,3,15,15,6,21,12,5,26,6,918,51,6,13,78
406,ihailla#[foc]#[kO]#[hAn] Pekan_gen ei taydy Merjaa ,1,4,0,4900,0,0,11,10,18,0,0,0,0,14,20,13,11,3,3,16,15,6,21,12,5,27,6,980,51,6,13,78
407,ihailla#[foc]#[pA]#[hAn] Pekan_gen ei taydy Merjaa ,1,4,0,4900,0,0,11,10,18,0,0,0,0,14,20,13,11,3,3,16,15,6,21,12,5,27,6,980,51,6,13,78
408,myyda#C/op Pekan_gen ei taydy omaisuuttaan ,1,4,0,3855,0,0,11,10,18,0,0,0,0,14,20,13,11,3,3,9,15,6,21,12,5,20,6,771,51,6,13,62
409,halua#C/op Pekka ei ihailla Merjaa ,1,4,0,4260,0,0,12,11,22,3,0,0,3,13,18,15,12,4,3,14,14,5,22,13,2,26,6,852,64,7,52,93
410,halua#[foc] Pekka ei ihailla Merjaa ,1,4,0,4285,0,0,12,11,22,3,0,0,3,13,18,15,12,4,3,14,14,5,22,13,2,26,6,857,64,7,52,109
411,halua#[hAn] Pekka ei ihailla Merjaa ,1,4,0,4285,0,0,12,11,22,3,0,0,3,13,18,15,12,4,3,14,14,5,22,13,2,26,6,857,64,7,52,93
412,halua#[kO] Pekka ei ihailla Merjaa ,1,4,0,4260,0,0,12,11,22,3,0,0,3,13,18,15,12,4,3,14,14,5,22,13,2,26,6,852,64,7,52,140
413,halua#[pA] Pekka ei ihailla Merjaa ,1,4,0,4260,0,0,12,11,22,3,0,0,3,13,18,15,12,4,3,14,14,5,22,13,2,26,6,852,64,7,52,93
414,halua#[foc]#[hAn] Pekka ei ihailla Merjaa ,1,4,0,4595,0,0,12,11,22,3,0,0,3,13,18,15,12,4,3,15,14,5,22,13,2,27,6,919,64,7,52,125
415,halua#[foc]#[kO] Pekka ei ihailla Merjaa ,1,4,0,4570,0,0,12,11,22,3,0,0,3,13,18,15,12,4,3,15,14,5,22,13,2,27,6,914,64,7,52,109
416,halua#[foc]#[pA] Pekka ei ihailla Merjaa ,1,4,0,4570,0,0,12,11,22,3,0,0,3,13,18,15,12,4,3,15,14,5,22,13,2,27,6,914,64,7,52,109
417,halua#[kO]#[hAn] Pekka ei ihailla Merjaa ,1,4,0,4545,0,0,12,11,22,3,0,0,3,13,18,15,12,4,3,15,14,5,22,13,2,27,6,909,64,7,52,171
418,halua#[pA]#[hAn] Pekka ei ihailla Merjaa ,1,4,0,4545,0,0,12,11,22,3,0,0,3,13,18,15,12,4,3,15,14,5,22,13,2,27,6,909,64,7,52,156
419,halua#[foc]#[kO]#[hAn] Pekka ei ihailla Merjaa ,1,4,0,4855,0,0,12,11,22,3,0,0,3,13,18,15,12,4,3,16,14,5,22,13,2,28,6,971,64,7,52,109
420,halua#[foc]#[pA]#[hAn] Pekka ei ihailla Merjaa ,1,4,0,4855,0,0,12,11,22,3,0,0,3,13,18,15,12,4,3,16,14,5,22,13,2,28,6,971,64,7,52,109
421,ihailla#C/op Pekka ei halua Merjaa ,1,4,0,4375,0,0,12,11,22,3,0,0,3,14,19,16,12,3,3,14,15,5,24,13,4,26,6,875,66,7,52,109
422,halua#C/op Pekka ei myyda omaisuuttaan ,1,4,0,3860,0,0,12,11,22,3,0,0,3,13,18,15,12,4,3,9,14,5,22,13,2,21,6,772,64,7,52,78
423,myyda#C/op Pekka ei halua omaisuuttaan ,1,4,0,3925,0,0,12,11,22,3,0,0,3,14,19,16,12,3,3,9,15,5,24,13,4,21,6,785,66,7,52,93
424,halua#C/op Merjaa ei ihailla Pekka ,1,4,0,4420,0,0,13,11,27,5,0,0,5,16,22,18,12,5,3,14,12,6,26,12,4,26,6,884,124,8,135,109
425,halua#[foc] Merjaa ei ihailla Pekka ,1,4,0,4445,0,0,13,11,27,5,0,0,5,16,22,18,12,5,3,14,12,6,26,12,4,26,6,889,124,8,135,109
426,halua#[hAn] Merjaa ei ihailla Pekka ,1,4,0,4445,0,0,13,11,27,5,0,0,5,16,22,18,12,5,3,14,12,6,26,12,4,26,6,889,124,8,135,93
427,halua#[kO] Merjaa ei ihailla Pekka ,1,4,0,4420,0,0,13,11,27,5,0,0,5,16,22,18,12,5,3,14,12,6,26,12,4,26,6,884,124,8,135,93
428,halua#[pA] Merjaa ei ihailla Pekka ,1,4,0,4420,0,0,13,11,27,5,0,0,5,16,22,18,12,5,3,14,12,6,26,12,4,26,6,884,124,8,135,109
429,halua#[foc]#[hAn] Merjaa ei ihailla Pekka ,1,4,0,4755,0,0,13,11,27,5,0,0,5,16,22,18,12,5,3,15,12,6,26,12,4,27,6,951,124,8,135,93
430,halua#[foc]#[kO] Merjaa ei ihailla Pekka ,1,4,0,4730,0,0,13,11,27,5,0,0,5,16,22,18,12,5,3,15,12,6,26,12,4,27,6,946,124,8,135,109
431,halua#[foc]#[pA] Merjaa ei ihailla Pekka ,1,4,0,4730,0,0,13,11,27,5,0,0,5,16,22,18,12,5,3,15,12,6,26,12,4,27,6,946,124,8,135,93
432,halua#[kO]#[hAn] Merjaa ei ihailla Pekka ,1,4,0,4705,0,0,13,11,27,5,0,0,5,16,22,18,12,5,3,15,12,6,26,12,4,27,6,941,124,8,135,109
433,halua#[pA]#[hAn] Merjaa ei ihailla Pekka ,1,4,0,4705,0,0,13,11,27,5,0,0,5,16,22,18,12,5,3,15,12,6,26,12,4,27,6,941,124,8,135,109
434,halua#[foc]#[kO]#[hAn] Merjaa ei ihailla Pekka ,1,4,0,5015,0,0,13,11,27,5,0,0,5,16,22,18,12,5,3,16,12,6,26,12,4,28,6,1003,124,8,135,93
435,halua#[foc]#[pA]#[hAn] Merjaa ei ihailla Pekka ,1,4,0,5015,0,0,13,11,27,5,0,0,5,16,22,18,12,5,3,16,12,6,26,12,4,28,6,1003,124,8,135,93
436,ihailla#C/op Merjaa ei halua Pekka ,1,4,0,4475,0,0,13,11,27,5,0,0,5,16,22,18,12,4,2,14,13,6,27,12,3,26,6,895,127,8,131,125
437,halua#C/op omaisuuttaan ei myyda Pekka ,1,4,0,5411,1,2,13,13,33,6,0,0,6,22,28,21,13,6,3,9,14,6,30,13,4,22,6,1082,129,8,139,140
438,myyda#C/op omaisuuttaan ei halua Pekka ,1,4,0,5426,1,2,13,13,33,5,0,0,5,23,29,21,13,5,3,9,15,6,31,13,3,22,6,1085,134,8,139,125
439,taydy#C/fin Pekan_gen ei ihailla Merjaa ,1,4,0,
440,taydy Pekan_gen ei ihailla Merjaa ,1,4,0,
441,taydy#C/fin Pekan_gen ei myyda omaisuuttaan ,1,4,0,
442,taydy Pekan_gen ei myyda omaisuuttaan ,1,4,0,
443,ihailla#C/fin Pekan_gen ei taydy Merjaa ,1,4,0,
444,ihailla Pekan_gen ei taydy Merjaa ,1,4,0,
445,halua Pekka ei myyda omaisuuttaan ,1,4,0,
446,myyda Pekka ei halua omaisuuttaan ,1,4,0,
447,ihailla#C/op Pekka sanoo etta Pekka haluaa Merjaa ,1,5,0,7235,0,0,23,15,51,16,0,0,16,25,30,43,16,5,3,20,32,5,62,23,7,36,7,1033,236,13,204,187
448,ihailla#[foc] Pekka sanoo etta Pekka haluaa Merjaa ,1,5,0,7260,0,0,23,15,51,16,0,0,16,25,30,43,16,5,3,20,32,5,62,23,7,36,7,1037,236,13,204,218
449,ihailla#[hAn] Pekka sanoo etta Pekka haluaa Merjaa ,1,5,0,7260,0,0,23,15,51,16,0,0,16,25,30,43,16,5,3,20,32,5,62,23,7,36,7,1037,236,13,204,203
450,ihailla#[kO] Pekka sanoo etta Pekka haluaa Merjaa ,1,5,0,7235,0,0,23,15,51,16,0,0,16,25,30,43,16,5,3,20,32,5,62,23,7,36,7,1033,236,13,204,203
451,ihailla#[pA] Pekka sanoo etta Pekka haluaa Merjaa ,1,5,0,7235,0,0,23,15,51,16,0,0,16,25,30,43,16,5,3,20,32,5,62,23,7,36,7,1033,236,13,204,203
452,ihailla#[foc]#[hAn] Pekka sanoo etta Pekka haluaa Merjaa ,1,5,0,7570,0,0,23,15,51,16,0,0,16,25,30,43,16,5,3,21,32,5,62,23,7,37,7,1081,236,13,204,218
453,ihailla#[foc]#[kO] Pekka sanoo etta Pekka haluaa Merjaa ,1,5,0,7545,0,0,23,15,51,16,0,0,16,25,30,43,16,5,3,21,32,5,62,23,7,37,7,1077,236,13,204,218
454,ihailla#[foc]#[pA] Pekka sanoo etta Pekka haluaa Merjaa ,1,5,0,7545,0,0,23,15,51,16,0,0,16,25,30,43,16,5,3,21,32,5,62,23,7,37,7,1077,236,13,204,203
455,ihailla#[kO]#[hAn] Pekka sanoo etta Pekka haluaa Merjaa ,1,5,0,7520,0,0,23,15,51,16,0,0,16,25,30,43,16,5,3,21,32,5,62,23,7,37,7,1074,236,13,204,218
456,ihailla#[pA]#[hAn] Pekka sanoo etta Pekka haluaa Merjaa ,1,5,0,7520,0,0,23,15,51,16,0,0,16,25,30,43,16,5,3,21,32,5,62,23,7,37,7,1074,236,13,204,218
457,ihailla#[foc]#[kO]#[hAn] Pekka sanoo etta Pekka haluaa Merjaa ,1,5,0,7830,0,0,23,15,51,16,0,0,16,25,30,43,16,5,3,22,32,5,62,23,7,38,7,1118,236,13,204,203
458,ihailla#[foc]#[pA]#[hAn] Pekka sanoo etta Pekka haluaa Merjaa ,1,5,0,7830,0,0,23,15,51,16,0,0,16,25,30,43,16,5,3,22,32,5,62,23,7,38,7,1118,236,13,204,203
459,lahtea#C/op Pekka sanoo etta Pekan_gen taytyy ,1,5,0,5295,0,0,24,11,32,9,0,0,9,18,23,27,12,5,0,14,19,5,42,14,6,26,6,882,169,13,95,125
460,myyda#C/op Pekka sanoo etta Pekka haluaa omaisuutensa ,1,5,0,6785,0,0,23,15,51,16,0,0,16,25,30,43,16,5,3,15,32,5,62,23,7,31,7,969,236,13,204,203
461,myyda#C/op Pekka sanoo etta Pekan_gen taytyy omaisuutensa ,1,5,0,6510,0,0,21,14,45,10,0,0,10,25,31,33,15,5,3,15,32,6,52,22,6,30,7,930,194,11,104,187
462,haluaa#C/op Pekka sanoo etta ihailla Merjaa ,1,5,0,
463,ihailee#C/op Pekka sanoo etta Merjaa ,1,5,0,
464,taytyy#C/op Pekka sanoo etta Pekan_gen ihailla Merjaa ,1,5,0,
465,haluaa#C/op Pekka sanoo etta myyda omaisuutensa ,1,5,0,
466,myi#C/op Pekka sanoo etta omaisuutensa ,1,5,0,
467,taytyy#C/op Pekka sanoo etta Pekan_gen myyda omaisuutensa ,1,5,0,
468,ihailla#C/fin Pekka sanoo etta haluaa Merjaa ,1,5,0,
469,lahtea#C/fin Pekka sanoo etta Pekan_gen taytyy ,1,5,0,
470,ihailla Pekka sanoo etta haluaa Merjaa ,1,5,0,
471,lahtea Pekka sanoo etta Pekan_genan taytyy ,1,5,0,
472,haluaa#C/fin Pekka sanoo etta myyda omaisuutensa ,1,5,0,
473,myi#C/fin Pekka sanoo etta omaisuutensa ,1,5,0,
474,taytyy#C/fin Pekka sanoo etta Pekan_gen myyda omaisuutensa ,1,5,0,
475,haluaa Pekka sanoo etta myyda omaisuutensa ,1,5,0,
476,myi Pekka sanoo etta omaisuutensa ,1,5,0,
477,taytyy Pekka sanoo etta Pekan_gen myyda omaisuutensa ,1,5,0,
478,ihailla Merjaa#C/op Pekka haluaa ,1,6,0,8738,3,6,20,20,41,10,0,4,2,4,9,27,18,8,8,14,17,5,35,13,10,32,6,2184,71,15,41,140
479,Merjaa#C/op ihailla Pekka haluaa ,1,6,0,8633,3,6,20,20,42,15,0,10,2,4,9,23,18,10,1,14,17,5,34,13,8,32,6,2158,108,15,86,156
480,tassa#C/op ihailla Merjaa Pekka haluaa ,1,6,0,16312,7,14,33,37,79,27,0,18,3,8,14,52,31,15,13,18,38,6,72,25,15,49,9,3262,192,26,174,390
481,ihailla Merjaa haluan ,1,6,0,3611,1,2,10,10,17,2,0,1,0,2,7,7,10,4,1,7,2,5,8,7,2,17,3,1203,28,7,14,62
482,ihailla#C/op Merjaa Pekka haluaa ,1,6,0,4090,0,0,13,10,17,2,0,0,2,4,8,14,11,2,2,14,9,4,21,9,5,25,5,1022,83,9,98,78
483,ihailla Merjaa haluan tassa ,1,6,0,6537,2,3,18,19,35,8,0,4,0,7,13,18,18,5,5,16,9,6,21,15,7,34,8,1634,67,13,43,140
484,ihailla Merjaa haluan ,1,6,0,3611,1,2,10,10,17,2,0,1,0,2,7,7,10,4,1,7,2,5,8,7,2,17,3,1203,28,7,14,46
485,ihailla Merjaa Pekka haluaa ,1,6,0,
486,ihailla Merjaa Pekka haluaa tassa ,1,6,0,
487,Merjaa#C/op ihailla Pekka haluaa tassa ,1,6,0,
488,ihailemalla#C/op Pekka istuu Merjaa ,1,7,0,
489,ihailemalla#[foc] Pekka istuu Merjaa ,1,7,0,
490,ihailemalla#[hAn] Pekka istuu Merjaa ,1,7,0,
491,ihailemalla#[kO] Pekka istuu Merjaa ,1,7,0,
492,ihailemalla#[pA] Pekka istuu Merjaa ,1,7,0,
493,ihailemalla#[foc]#[hAn] Pekka istuu Merjaa ,1,7,0,
494,ihailemalla#[foc]#[kO] Pekka istuu Merjaa ,1,7,0,
495,ihailemalla#[foc]#[pA] Pekka istuu Merjaa ,1,7,0,
496,ihailemalla#[kO]#[hAn] Pekka istuu Merjaa ,1,7,0,
497,ihailemalla#[pA]#[hAn] Pekka istuu Merjaa ,1,7,0,
498,ihailemalla#[foc]#[kO]#[hAn] Pekka istuu Merjaa ,1,7,0,
499,ihailemalla#[foc]#[pA]#[hAn] Pekka istuu Merjaa ,1,7,0,
500,ihailla#C/op sopimus Merjaa istuu ,1,7,0,
501,ihailla#[foc] sopimus Merjaa istuu ,1,7,0,
502,ihailla#[hAn] sopimus Merjaa istuu ,1,7,0,
503,ihailla#[kO] sopimus Merjaa istuu ,1,7,0,
504,ihailla#[pA] sopimus Merjaa istuu ,1,7,0,
505,ihailla#[foc]#[hAn] sopimus Merjaa istuu ,1,7,0,
506,ihailla#[foc]#[kO] sopimus Merjaa istuu ,1,7,0,
507,ihailla#[foc]#[pA] sopimus Merjaa istuu ,1,7,0,
508,ihailla#[kO]#[hAn] sopimus Merjaa istuu ,1,7,0,
509,ihailla#[pA]#[hAn] sopimus Merjaa istuu ,1,7,0,
510,ihailla#[foc]#[kO]#[hAn] sopimus Merjaa istuu ,1,7,0,
511,ihailla#[foc]#[pA]#[hAn] sopimus Merjaa istuu ,1,7,0,
512,ihailla#C/op Pekka teki sopimuksen Merjaa ,1,7,0,
513,ihailla#[foc] Pekka teki sopimuksen Merjaa ,1,7,0,
514,ihailla#[hAn] Pekka teki sopimuksen Merjaa ,1,7,0,
515,ihailla#[kO] Pekka teki sopimuksen Merjaa ,1,7,0,
516,ihailla#[pA] Pekka teki sopimuksen Merjaa ,1,7,0,
517,ihailla#[foc]#[hAn] Pekka teki sopimuksen Merjaa ,1,7,0,
518,ihailla#[foc]#[kO] Pekka teki sopimuksen Merjaa ,1,7,0,
519,ihailla#[foc]#[pA] Pekka teki sopimuksen Merjaa ,1,7,0,
520,ihailla#[kO]#[hAn] Pekka teki sopimuksen Merjaa ,1,7,0,
521,ihailla#[pA]#[hAn] Pekka teki sopimuksen Merjaa ,1,7,0,
522,ihailla#[foc]#[kO]#[hAn] Pekka teki sopimuksen Merjaa ,1,7,0,
523,ihailla#[foc]#[pA]#[hAn] Pekka teki sopimuksen Merjaa ,1,7,0,
524,Pekka teki ihailla sopimuksen Merjaa ,1,8,0,
525,Pekka teki myyda sopimuksen omaisuutensa ,1,8,0,
526,Pekka elaa ihailla haluamalla Merjaa ,1,8,0,
527,Pekka elaa ihailla#C/op haluamalla Merjaa ,1,8,0,
528,Pekka ihaile ei Merjaa ,1,9,0,
529,Pekka ollut ei ihaillut Merjaa ,1,9,0,
530,Pekka ollut ihaillut ei Merjaa ,1,9,0,
531,Pekka ei ihaillut ollut Merjaa ,1,9,0,
532,Pekka ei ihaillut ei ollut Merjaa ,1,9,0,
533,Pekka ihaillut ollut ei Merjaa ,1,9,0,
534,Pekan_gen taydy ei ihailla Merjaa ,1,9,0,
535,Pekan_gen taydy ihailla ei Merjaa ,1,9,0,
536,Pekan_gen ei ihailla taydy Merjaa ,1,9,0,
537,Pekan_gen ihailla ei taydy Merjaa ,1,9,0,
538,Pekan_gen ihailla taydy ei Merjaa ,1,9,0,
539,taydy#C/op Pekan_gen ihailla ei Merjaa ,1,9,0,
540,taydy#[foc] Pekan_gen ihailla ei Merjaa ,1,9,0,
541,taydy#[hAn] Pekan_gen ihailla ei Merjaa ,1,9,0,
542,taydy#[kO] Pekan_gen ihailla ei Merjaa ,1,9,0,
543,taydy#[pA] Pekan_gen ihailla ei Merjaa ,1,9,0,
544,taydy#[foc]#[hAn] Pekan_gen ihailla ei Merjaa ,1,9,0,
545,taydy#[foc]#[kO] Pekan_gen ihailla ei Merjaa ,1,9,0,
546,taydy#[foc]#[pA] Pekan_gen ihailla ei Merjaa ,1,9,0,
547,taydy#[kO]#[hAn] Pekan_gen ihailla ei Merjaa ,1,9,0,
548,taydy#[pA]#[hAn] Pekan_gen ihailla ei Merjaa ,1,9,0,
549,taydy#[foc]#[kO]#[hAn] Pekan_gen ihailla ei Merjaa ,1,9,0,
550,taydy#[foc]#[pA]#[hAn] Pekan_gen ihailla ei Merjaa ,1,9,0,
551,ihailla#C/op Pekan_gen taydy ei Merjaa ,1,9,0,
552,halua#C/op Pekan_gen Pekka ihailla ei Merjaa ,1,9,0,
553,ihailla#C/op Pekan_gen halua ei Merjaa ,1,9,0,
554,Pekka ihaile Merjaa ei ,1,9,0,
555,Pekka ei ihaillut Merjaa ollut ,1,9,0,
556,Pekan_gen ei ihailla Merjaa taydy ,1,9,0,
557,C/fin Pekka ihailee#C/op Merjaa ,1,10,0,
558,C/fin Pekka ei#C/op ihaile Merjaa ,1,10,0,
559,C/fin Pekka on'#C/op ihaillut Merjaa ,1,10,0,
560,C/fin Pekka ei#C/op ollut ihaillut Merjaa ,1,10,0,
561,C/fin Pekka haluaa#C/op ihailla Merjaa ,1,10,0,
562,C/fin Pekan_genn taytyy#C/op ihailla Merjaa ,1,10,0,
563,C/fin Pekan_gen ei#C/op taydy ihailla Merjaa ,1,10,0,
564,C/fin Pekka ei#C/op halua ihailla Merjaa ,1,10,0,
565,C/fin Pekka sanoo#C/op etta haluaa ihailla Merjaa ,1,10,0,
566,C/fin Pekka kaskee#C/op poikien ihailla Merjaa ,1,10,0,
567,C/fin Pekka istuu#C/op ihailemalla Merjaa ,1,10,0,
568,C/fin Pekka istuu#C/op haluamalla ihailla Merjaa ,1,10,0,
569,C/fin Pekka teki#C/op sopimuksen ihailla Merjaa ,1,10,0,
570,Pekka ei ihaile#C/op Merjaa ,1,10,0,
571,Pekka on' ihaillut#C/op Merjaa ,1,10,0,
572,Pekka ei ollut#C/op ihaillut Merjaa ,1,10,0,
573,Pekka haluaa ihailla#C/op Merjaa ,1,10,0,
574,Pekan_gen taytyy ihailla#C/op Merjaa ,1,10,0,
575,Pekan_gen ei taydy#C/op ihailla Merjaa ,1,10,0,
576,Pekka ei halua#C/op ihailla Merjaa ,1,10,0,
577,Pekka kaskee poikien ihailla#C/op Merjaa ,1,10,0,
578,Pekka ei ollut ihaillut#C/op Merjaa ,1,10,0,
579,Pekan_gen ei taydy ihailla#C/op Merjaa ,1,10,0,
580,Pekka ei halua ihailla#C/op Merjaa ,1,10,0,
581,Pekka sanoo etta haluaa ihailla#C/op Merjaa ,1,10,0,
582,Pekka istuu ihailemalla#C/op Merjaa ,1,10,0,
583,Pekka istuu haluamalla ihailla#C/op Merjaa ,1,10,0,
584,Pekka teki sopimuksen ihailla#C/op Merjaa ,1,10,0,
585,Pekka ihailee#C/op Merjaa ,1,10,0,
586,Pekka ei#C/op ihaile Merjaa ,1,10,0,
587,Pekka on'#C/op ihaillut Merjaa ,1,10,0,
588,Pekka ei#C/op ollut ihaillut Merjaa ,1,10,0,
589,Pekka haluaa#C/op ihailla Merjaa ,1,10,0,
590,Pekan_gen taytyy#C/op ihailla Merjaa ,1,10,0,
591,Pekan_gen ei#C/op taydy ihailla Merjaa ,1,10,0,
592,Pekka ei#C/op halua ihailla Merjaa ,1,10,0,
593,Pekka sanoo#C/op etta haluaa ihailla Merjaa ,1,10,0,
594,Pekka kaskee#C/op poikien ihailla Merjaa ,1,10,0,
595,Pekka istuu#C/op ihailemalla Merjaa ,1,10,0,
596,Pekka istuu#C/op haluamalla ihailla Merjaa ,1,10,0,
597,Pekka teki#C/op sopimuksen ihailla Merjaa ,1,10,0,
598,C/op#istuu Pekka ,1,10,0,
599,[foc]#istuu Pekka ,1,10,0,
600,[hAn]#istuu Pekka ,1,10,0,
601,[kO]#istuu Pekka ,1,10,0,
602,[pA]#istuu Pekka ,1,10,0,
603,[foc]#[hAn]#istuu Pekka ,1,10,0,
604,[foc]#[kO]#istuu Pekka ,1,10,0,
605,[foc]#[pA]#istuu Pekka ,1,10,0,
606,[kO]#[hAn]#istuu Pekka ,1,10,0,
607,[pA]#[hAn]#istuu Pekka ,1,10,0,
608,[foc]#[kO]#[hAn]#istuu Pekka ,1,10,0,
609,[foc]#[pA]#[hAn]#istuu Pekka ,1,10,0,
