@  {'test_corpus_file': 'information_structure_corpus.txt', 'test_corpus_folder': 'study-8-information-structure', 'study_folder': 'study-8-information-structure/', 'author': 'PauliBrattico', 'year': 2021, 'date': 'February', 'study_id': 1, 'only_first_solution': False, 'logging': True, 'ignore_ungrammatical_sentences': False, 'datatake_resources': True, 'datatake_resource_sequence': False, 'datatake_timings': False, 'datatake_images': False, 'image_parameter_stop_after_each_image': False, 'image_parameter_show_words': True, 'image_parameter_nolabels': False, 'image_parameter_spellout': False, 'image_parameter_case': False, 'image_parameter_show_sentences': False, 'image_parameter_show_glosses': True, 'extra_ranking': True, 'filter': True, 'lexical_anticipation': True, 'closure': 'Bottom-up', 'working_memory': True, 'positive_spec_selection': 100, 'negative_spec_selection': -100, 'break_head_comp_relations': -100, 'negative_tail_test': -100, 'positive_head_comp_selection': 100, 'negative_head_comp_selection': -100, 'negative_semantics_match': -100, 'lf_legibility_condition': -100, 'negative_adverbial_test': -100, 'positive_adverbial_test': 100}
@  2021-03-17 10:34:16.055974
@  Test sentences from language data working directory\study-8-information-structure\information_structure_corpus.txt.
@  Logs into language data working directory\study-8-information-structure\information_structure_corpus_log.txt.
@  Lexicon from language data working directory\lexicon.txt.
@  Redundancy rules from language data working directory\redundancy_rules.txt.
@  Universal morphemes from language data working directory\ug_morphemes.txt.
@ 
@ 
Number,Sentence,Study_ID,Total Time,Garden Paths,Memory Reactivation,Steps,Merge,Move Head,Move Phrase,A-Move Phrase,A-bar Move Phrase,Move Adjunct,Agree,Phi,Transfer,Item streamed into syntax,Feature Processing,Extraposition,Inflection,Failed Transfer,LF recovery,LF test,Filter solution,Rank solution,Lexical retrieval,Morphological decomposition,Mean time per word,Asymmetric Merge,Sink,External Tail Test,Execution time (ms)	
1,the horse raced past the barn fell ,1,,29245,23,45,81,73,67,0,0,0,0,72,76,146,52,0,23,0,123,4,194,57,23,52,9,4177,253,43,12,656
2,Pekka ihailee Merjaa ,1,,1250,0,0,7,6,7,2,0,0,2,2,4,6,7,0,0,12,3,2,9,5,3,19,3,416,18,4,17,31
3,John admires Mary ,1,,1105,0,0,7,6,7,0,0,0,0,2,4,4,7,0,0,11,3,2,7,5,2,18,3,368,13,4,0,31
4,Merjaa ihailee Pekka ,1,,1305,0,0,8,6,9,4,0,0,4,3,6,9,7,0,0,12,1,3,13,4,2,19,3,435,44,5,56,46
5,Pekka sanoi etta Merja lahtee ,1,,1810,0,0,13,8,15,6,0,0,6,8,10,21,9,0,0,13,12,2,31,9,4,22,4,362,72,6,90,62
6,Merjaa haluaa ihailla Pekka ,1,,1680,0,0,11,9,21,4,0,0,4,5,10,12,10,4,0,12,5,5,17,8,4,22,4,420,77,7,89,62
7,Pekka haluaa Merjaa ihailla ,1,,1705,0,0,14,9,22,5,0,0,5,6,10,14,10,1,0,12,3,4,22,7,5,22,4,426,74,10,75,62
8,keta Pekka ihailee ,1,,1070,0,0,9,6,8,2,0,1,1,1,3,8,7,0,2,8,4,2,13,4,3,15,3,356,26,6,18,31
9,Merjaa#[hAn] Pekka ihailee ,1,,1425,0,0,9,6,8,2,0,1,1,1,3,8,7,0,2,13,4,2,13,4,3,20,4,475,26,6,18,31
10,se talo ihailee Merjaa ,1,,1220,0,0,12,6,5,2,0,0,2,2,4,9,7,0,0,11,4,2,13,4,4,18,3,305,32,7,27,31
11,Pekka teki sopimuksen ihailla Merjaa ,1,,2205,0,0,12,11,30,4,0,0,4,6,11,15,12,4,0,16,15,5,23,13,6,28,5,441,52,7,37,93
12,se mies joka nukkui lahti ,1,,1605,0,0,24,7,14,8,0,7,1,9,11,18,8,0,0,11,1,2,29,4,7,19,4,321,119,14,93,62
13,Pekka sanoi etta Merja lahtee ,1,,1810,0,0,13,8,15,6,0,0,6,8,10,21,9,0,0,13,12,2,31,9,4,22,4,362,72,6,90,78
14,Pekka sanoi etta Merja ihailee Pekkaa ,1,,2580,0,0,19,11,27,11,0,0,11,14,17,31,12,0,0,18,21,3,45,15,6,30,5,430,128,10,150,125
15,se talo sanoi etta Merja lahtee ,1,,1780,0,0,35,8,13,6,0,0,6,8,10,24,9,0,0,12,13,2,35,8,5,21,4,296,207,18,274,62
16,se talo sanoi etta Merja ihailee Pekkaa ,1,,2550,0,0,64,11,25,11,0,0,11,14,17,34,12,0,0,17,22,3,49,14,7,29,5,364,432,38,527,156
17,Pekka haluaa ihailla Merjaa ,1,,1625,0,0,10,9,17,3,0,0,3,4,8,10,10,3,0,12,7,4,14,9,4,22,4,406,33,6,24,62
18,se talo haluaa ihailla Merjaa ,1,,1595,0,0,22,9,15,3,0,0,3,4,8,13,10,3,0,11,8,4,18,8,5,21,4,319,84,14,58,62
19,Pekka haluaa ihailla sita taloa ,1,,1780,0,0,10,9,26,4,0,0,4,6,10,15,10,6,0,11,13,4,21,11,6,21,5,356,48,5,36,78
20,keta Pekka ihailee ,1,,1070,0,0,9,6,8,2,0,1,1,1,3,8,7,0,2,8,4,2,13,4,3,15,3,356,26,6,18,31
21,Pekka nukkui lahella Merjaa ,1,,3555,2,2,15,12,13,6,0,0,6,11,13,25,12,0,1,24,14,2,31,9,8,36,5,888,77,7,106,93
22,keta Pekka haluaa ihailla ,1,,1515,0,0,19,9,16,9,0,3,4,4,8,15,10,1,2,8,7,4,23,7,5,18,4,378,85,14,58,62
23,Pekka nukkuu ,1,,665,0,0,4,3,3,1,0,0,1,1,2,3,4,0,0,6,0,1,5,2,1,10,2,332,8,2,8,15
24,Pekka nukkui Helsingissa ,1,,1250,0,0,9,6,7,3,0,0,3,3,5,8,7,0,0,9,1,2,12,4,3,16,4,416,35,6,42,31
25,Pekka ihailee Merjaa ,1,,1250,0,0,7,6,7,2,0,0,2,2,4,6,7,0,0,12,3,2,9,5,3,19,3,416,18,4,17,31
26,Pekka antoi kirjan Merjalle ,1,,1635,0,0,14,9,22,5,0,0,5,6,9,14,10,0,0,11,3,3,22,7,7,21,4,408,83,10,93,78
27,Pekka kaskee Merjan_gen lahtea ,1,,1615,0,0,9,8,15,3,0,0,3,5,8,12,9,1,2,12,7,3,18,8,2,21,4,403,33,5,26,62
28,Pekka kaskee poikien ihailla Merjaa ,1,,2230,0,0,12,11,27,4,0,0,4,9,13,17,12,4,2,17,12,4,24,13,4,29,5,446,57,7,38,78
29,Pekka nukkuu lahella Merjaa ,1,,3555,2,2,15,12,13,6,0,0,6,11,13,25,12,0,1,24,14,2,31,9,8,36,5,888,77,7,106,93
30,Pekka ei ihaile Merjaa ,1,,1370,0,0,8,7,9,2,0,0,2,7,10,10,8,0,1,12,8,3,15,7,3,20,4,342,26,4,26,31
31,Pekka haluaa ihailla Merjaa ,1,,1625,0,0,10,9,17,3,0,0,3,4,8,10,10,3,0,12,7,4,14,9,4,22,4,406,33,6,24,46
32,John admires Mary ,1,,1105,0,0,7,6,7,0,0,0,0,2,4,4,7,0,0,11,3,2,7,5,2,18,3,368,13,4,0,31
33,Pekka nukkui lahella Merjaa ,1,,3555,2,2,15,12,13,6,0,0,6,11,13,25,12,0,1,24,14,2,31,9,8,36,5,888,77,7,106,93
34,Merjaa ihailee Pekka ,1,,1305,0,0,8,6,9,4,0,0,4,3,6,9,7,0,0,12,1,3,13,4,2,19,3,435,44,5,56,46
35,Merjan_gen kaskee lahtea Pekka ,1,,1615,0,0,10,8,17,1,0,0,1,11,15,9,9,4,0,12,5,4,15,7,5,21,4,403,59,6,38,62
36,Helsingissa nukkui Pekka ,1,,2425,1,2,8,8,10,5,0,0,5,5,8,13,8,0,1,9,3,3,13,5,2,17,4,808,36,5,42,62
37,Merjaa haluaa ihailla Pekka ,1,,1680,0,0,11,9,21,4,0,0,4,5,10,12,10,4,0,12,5,5,17,8,4,22,4,420,77,7,89,78
38,Merjaa ei ihaile Pekka ,1,,1430,0,0,9,7,11,4,0,0,4,9,13,13,8,0,1,12,6,4,19,6,2,20,4,357,57,5,75,46
39,Pekka Merjaa ihailee ,1,,1305,0,0,9,6,8,2,0,0,2,1,3,9,7,0,2,12,4,2,14,4,4,19,3,435,39,6,53,31
40,Merjaa Pekka ihailee ,1,,1300,0,0,9,6,8,2,0,0,2,1,3,9,7,0,2,12,4,2,14,4,3,19,3,433,39,6,53,31
41,se mies Merjaa ihailee ,1,,1275,0,0,17,6,6,2,0,0,2,1,3,12,7,0,2,11,5,2,18,3,5,18,3,318,63,12,78,31
42,Merjaa se mies ihailee ,1,,1290,0,0,16,6,4,2,0,0,2,1,3,14,7,0,2,11,5,2,22,3,4,18,3,322,71,11,113,31
43,Pekka Merjalle kirjan antoi ,1,,1580,0,0,12,9,15,3,0,0,3,1,4,14,10,0,3,11,7,3,19,8,7,21,4,395,75,8,108,62
44,Pekka kirjan Merjalle antoi ,1,,1540,0,0,15,9,16,3,0,0,3,1,4,13,10,0,2,11,6,3,17,8,3,21,4,385,90,10,122,46
45,Merjalle Pekka kirjan antoi ,1,,1630,0,0,18,9,15,3,0,0,3,1,4,17,10,0,5,11,10,3,24,7,5,21,4,407,116,13,171,62
46,Merjalle kirjan Pekka antoi ,1,,1635,0,0,18,9,15,3,0,0,3,1,4,17,10,0,5,11,10,3,24,7,6,21,4,408,115,13,170,62
47,kirjan Pekka Merjalle antoi ,1,,1540,0,0,15,9,16,3,0,0,3,1,4,13,10,0,2,11,6,3,17,8,3,21,4,385,90,10,122,62
48,kirjan Merjalle Pekka antoi ,1,,1575,0,0,12,9,15,3,0,0,3,1,4,14,10,0,3,11,7,3,19,8,6,21,4,393,75,8,108,62
49,Merjaa Pekka poikien kaskee ihailla ,1,,2325,0,0,36,11,22,4,0,0,4,5,9,24,12,1,6,17,19,4,37,10,7,29,5,465,251,26,345,93
50,Merjaa Pekka kaskee poikien ihailla ,1,,2320,0,0,19,11,25,6,0,0,6,7,11,23,12,1,5,17,15,4,34,12,4,29,5,464,130,12,150,93
51,Pekka nukkuu Merjaa lahella ,1,,6385,7,8,11,15,27,6,0,0,6,17,19,47,11,0,7,12,28,2,63,4,12,23,3,1596,144,4,237,171
52,Pekka kaskee poikien Merjaa ihailla ,1,,2340,0,0,14,11,26,5,0,0,5,7,11,25,12,1,6,17,15,4,36,12,4,29,5,468,85,9,99,93
53,Pekka kaskee Merjaa poikien ihailla ,1,,2320,0,0,14,11,26,5,0,0,5,7,11,23,12,1,6,17,15,4,34,12,4,29,5,464,88,9,110,93
54,Pekka lahtee heidan Merjaa ihailtua ,1,,
55,Merjaa Pekka ei ihaile ,1,,1410,0,0,11,7,8,2,0,0,2,4,7,14,8,0,4,12,9,3,21,6,2,20,4,352,59,6,85,31
56,Pekka Merjaa ei ihaile ,1,,1415,0,0,11,7,8,2,0,0,2,4,7,14,8,0,4,12,9,3,21,6,3,20,4,353,59,6,85,46
57,Merjalle kirjan antoi Pekka ,1,,4115,2,4,16,13,25,14,0,0,14,9,13,31,12,0,2,11,7,4,37,8,7,23,4,1028,143,11,199,125
58,kirjan Merjalle antoi Pekka ,1,,2810,1,2,11,11,20,11,0,0,11,6,10,22,11,0,0,11,4,4,23,9,3,22,4,702,93,7,127,93
59,Pekka halusi Merjaa ihailla ,1,,1705,0,0,14,9,22,5,0,0,5,6,10,14,10,1,0,12,3,4,22,7,5,22,4,426,74,10,75,62
60,Pekka halusi Helsingissa nukkua ,1,,1635,0,0,10,9,19,4,0,0,4,4,8,13,10,1,2,9,7,4,15,9,3,19,5,408,41,6,37,62
61,Pekka halusi Merjalle antaa kirjan ,1,,2050,0,0,13,12,31,8,0,0,8,6,11,23,13,4,2,11,12,5,21,14,5,24,5,410,94,8,112,109
62,Pekka nukkui Merjaa lahella ,1,,6385,7,8,11,15,27,6,0,0,6,17,19,47,11,0,7,12,28,2,63,4,12,23,3,1596,144,4,237,171
63,Jukka sanoi etta Pekka ihailee Merjaa ,1,,2630,0,0,19,11,27,11,0,0,11,14,17,31,12,0,0,19,21,3,45,15,6,31,5,438,128,10,150,109
64,Jukka sanoi etta Pekka antoi kirjan Merjalle ,1,,3440,0,0,41,14,64,22,0,0,22,28,32,53,15,0,0,18,21,4,78,17,13,33,6,491,421,30,525,218
65,Jukka sanoi etta Pekka kaskee Merjan_gen lahtea ,1,,3290,0,0,23,13,46,16,0,0,16,22,26,47,14,1,5,19,31,4,67,21,5,33,6,470,199,12,215,171
66,Jukka sanoi etta Pekka kaskee poikien ihailla Merjaa ,1,,4200,0,0,29,16,72,21,0,0,21,34,39,59,17,7,5,24,42,5,83,29,7,41,7,525,303,16,286,250
67,Jukka sanoi etta Pekka nukkuu lahella Merjaa ,1,,15595,11,17,69,38,62,33,0,0,33,56,59,110,29,0,3,49,62,3,140,31,20,78,10,2227,741,42,1152,531
68,Jukka sanoi etta Pekka ei ihaile Merjaa ,1,,2955,0,0,21,12,31,12,0,0,12,27,31,42,13,0,4,19,32,4,61,20,6,32,6,422,182,10,234,156
69,Jukka sanoi etta Pekka nukkui Helsingissa ,1,,2760,0,0,31,11,29,16,0,0,16,20,23,40,12,0,0,16,13,3,58,11,9,28,6,460,248,22,331,140
70,Jukka sanoi etta Pekka haluaa ihailla Merjaa ,1,,3285,0,0,25,14,51,16,0,0,16,21,26,42,15,6,0,19,31,5,60,22,7,34,6,469,204,14,206,187
71,Jukka sanoi etta Pekka nukkui lahella Merjaa ,1,,15595,11,17,69,38,62,33,0,0,33,56,59,110,29,0,3,49,62,3,140,31,20,78,10,2227,741,42,1152,546
72,Jukka sanoi etta Merjaa ihailee Pekka ,1,,2840,0,0,25,11,37,17,0,0,17,20,24,41,12,0,0,19,13,4,59,11,7,31,5,473,299,16,405,156
73,Jukka sanoi etta Merjan_gen kaskee lahtea Pekka ,1,,3265,0,0,29,13,59,9,0,0,9,39,44,36,14,10,0,19,23,5,59,17,10,33,6,466,371,18,291,203
74,Jukka sanoi etta Pekka Merjaa ihailee ,1,,2625,0,0,23,11,25,8,0,0,8,10,13,34,12,0,2,19,22,3,50,14,7,31,5,437,175,14,261,109
75,Jukka sanoi etta Merjaa Pekka ihailee ,1,,2625,0,0,23,11,25,8,0,0,8,10,13,34,12,0,2,19,22,3,50,14,7,31,5,437,175,14,261,109
76,Jukka sanoi etta se mies Merjaa ihailee ,1,,2765,0,0,39,11,22,10,0,0,10,12,15,44,12,0,2,18,32,3,64,16,8,30,5,395,288,26,478,156
77,Jukka sanoi etta Merjaa se mies ihailee ,1,,2760,0,0,37,11,20,9,0,0,9,12,15,46,12,0,2,18,29,3,68,16,8,30,5,394,304,24,541,140
78,Jukka sanoi etta Pekka Merjalle kirjan antoi ,1,,3080,0,0,29,14,40,10,0,0,10,12,16,46,15,0,3,18,31,4,62,21,11,33,6,440,328,18,528,203
79,Jukka sanoi etta Pekka kirjan Merjalle antoi ,1,,3045,0,0,35,14,41,10,0,0,10,12,16,45,15,0,2,18,30,4,60,21,8,33,6,435,394,22,618,187
80,Jukka sanoi etta Merjalle Pekka kirjan antoi ,1,,3130,0,0,41,14,40,10,0,0,10,12,16,49,15,0,5,18,34,4,67,20,9,33,6,447,460,28,754,203
81,Jukka sanoi etta Merjalle kirjan Pekka antoi ,1,,3135,0,0,41,14,40,10,0,0,10,12,16,49,15,0,5,18,34,4,67,20,10,33,6,447,458,28,752,203
82,Jukka sanoi etta kirjan Pekka Merjalle antoi ,1,,3045,0,0,35,14,41,10,0,0,10,12,16,45,15,0,2,18,30,4,60,21,8,33,6,435,394,22,618,187
83,Jukka sanoi etta kirjan Merjalle Pekka antoi ,1,,3075,0,0,29,14,40,10,0,0,10,12,16,46,15,0,3,18,31,4,62,21,10,33,6,439,328,18,528,187
84,Jukka sanoi etta Merjaa Pekka poikien kaskee ihailla ,1,,4080,0,0,77,16,52,15,0,0,15,21,26,63,17,1,9,24,49,5,93,26,12,41,7,510,1021,54,1490,265
85,Jukka sanoi etta Merjaa Pekka kaskee poikien ihailla ,1,,4175,0,0,43,16,61,20,0,0,20,26,31,65,17,1,8,24,45,5,93,28,8,41,7,521,611,26,783,265
86,Jukka sanoi etta Pekka nukkuu Merjaa lahella ,1,,27235,34,38,39,53,128,47,0,0,47,113,116,250,25,0,16,19,157,3,319,14,33,44,5,3890,1167,14,2200,1156
87,Jukka sanoi etta Pekka kaskee poikien Merjaa ihailla ,1,,4340,0,0,33,16,68,22,0,0,22,29,34,73,17,1,12,24,45,5,101,28,7,41,7,542,384,20,497,281
88,Jukka sanoi etta Pekka kaskee Merjaa poikien ihailla ,1,,4290,0,0,33,16,68,22,0,0,22,29,34,68,17,1,12,24,45,5,96,28,7,41,7,536,355,20,454,265
89,Jukka sanoi etta Pekka lahtee heidan Merjaa ihailtua ,1,,
90,Jukka sanoi etta Helsingissa nukkui Pekka ,1,,2715,0,0,25,11,33,17,0,0,17,21,25,39,12,0,0,16,12,4,46,11,6,28,6,452,242,16,298,156
91,Jukka sanoi etta Merjaa ei ihaile Pekka ,1,,3185,0,0,27,12,41,18,0,0,18,37,42,52,13,0,4,19,24,5,75,16,7,32,6,455,385,16,553,187
92,Jukka sanoi etta Merjaa Pekka ei ihaile ,1,,2925,0,0,27,12,27,9,0,0,9,18,22,46,13,0,7,19,33,4,67,19,6,32,6,417,303,14,476,156
93,Jukka sanoi etta Pekka Merjaa ei ihaile ,1,,2925,0,0,27,12,27,9,0,0,9,18,22,46,13,0,7,19,33,4,67,19,6,32,6,417,303,14,476,156
94,Jukka sanoi etta Merjaa haluaa ihailla Pekka ,1,,3490,0,0,31,14,69,18,0,0,18,28,34,48,15,10,0,19,23,6,71,18,9,34,6,498,476,20,601,234
95,Jukka sanoi etta Pekka halusi Merjaa ihailla ,1,,3505,0,0,41,14,64,22,0,0,22,28,33,53,15,1,0,19,21,5,78,17,10,34,6,500,386,30,443,218
96,Jukka sanoi etta Pekka halusi Helsingissa nukkua ,1,,3310,0,0,25,14,53,17,0,0,17,21,26,48,15,1,5,16,31,5,61,22,6,31,7,472,216,14,234,203
97,Jukka sanoi etta Pekka halusi Merjalle antaa kirjan ,1,,4065,0,0,31,17,79,28,0,0,28,28,34,71,18,7,5,18,42,6,77,30,8,36,7,508,442,18,569,312
98,Jukka sanoi etta Pekka nukkui Merjaa lahella ,1,,27235,34,38,39,53,128,47,0,0,47,113,116,250,25,0,16,19,157,3,319,14,33,44,5,3890,1167,14,2200,1171
99,se mies joka nukkui lahti ,1,,1605,0,0,24,7,14,8,0,7,1,9,11,18,8,0,0,11,1,2,29,4,7,19,4,321,119,14,93,62
100,kuka ihailee Merjaa ,1,,1250,0,0,7,6,7,2,0,2,0,2,4,4,7,0,0,13,3,2,7,5,3,20,3,416,14,4,5,31
101,kuka#[hAn] ihailee Merjaa ,1,,1365,0,0,7,6,7,2,0,2,0,2,4,4,7,0,0,14,3,2,7,5,3,21,4,455,14,4,5,31
102,kuka#[pA] ihailee Merjaa ,1,,1355,0,0,7,6,7,2,0,2,0,2,4,4,7,0,0,14,3,2,7,5,3,21,4,451,14,4,5,31
103,kuka#[kO] ihailee Merjaa ,1,,1355,0,0,7,6,7,2,0,2,0,2,4,4,7,0,0,14,3,2,7,5,3,21,4,451,14,4,5,31
104,kuka#[foc] ihailee Merjaa ,1,,1365,0,0,7,6,7,2,0,2,0,2,4,4,7,0,0,14,3,2,7,5,3,21,4,455,14,4,5,31
105,kuka#[foc]#[hAn] ihailee Merjaa ,1,,1495,0,0,7,6,7,2,0,2,0,2,4,4,7,0,0,15,3,2,7,5,3,22,4,498,14,4,5,31
106,kuka#[foc]#[pA] ihailee Merjaa ,1,,1485,0,0,7,6,7,2,0,2,0,2,4,4,7,0,0,15,3,2,7,5,3,22,4,495,14,4,5,31
107,kuka#[foc]#[kO] ihailee Merjaa ,1,,1485,0,0,7,6,7,2,0,2,0,2,4,4,7,0,0,15,3,2,7,5,3,22,4,495,14,4,5,46
108,kuka#[pA]#[hAn] ihailee Merjaa ,1,,1475,0,0,7,6,7,2,0,2,0,2,4,4,7,0,0,15,3,2,7,5,3,22,4,491,14,4,5,31
109,kuka#[kO]#[hAn] ihailee Merjaa ,1,,1475,0,0,7,6,7,2,0,2,0,2,4,4,7,0,0,15,3,2,7,5,3,22,4,491,14,4,5,46
110,kuka#[foc]#[kO]#[hAn] ihailee Merjaa ,1,,1605,0,0,7,6,7,2,0,2,0,2,4,4,7,0,0,16,3,2,7,5,3,23,4,535,14,4,5,31
111,kuka#[foc]#[pA]#[hAn] ihailee Merjaa ,1,,1605,0,0,7,6,7,2,0,2,0,2,4,4,7,0,0,16,3,2,7,5,3,23,4,535,14,4,5,46
112,Pekka#[hAn] ihailee Merjaa ,1,,1355,0,0,7,6,7,2,0,2,0,2,4,4,7,0,0,13,3,2,7,5,3,20,4,451,14,4,5,31
113,Pekka#[pA] ihailee Merjaa ,1,,1345,0,0,7,6,7,2,0,2,0,2,4,4,7,0,0,13,3,2,7,5,3,20,4,448,14,4,5,46
114,Pekka#[kO] ihailee Merjaa ,1,,1345,0,0,7,6,7,2,0,2,0,2,4,4,7,0,0,13,3,2,7,5,3,20,4,448,14,4,5,31
115,Pekka#[foc] ihailee Merjaa ,1,,1355,0,0,7,6,7,2,0,2,0,2,4,4,7,0,0,13,3,2,7,5,3,20,4,451,14,4,5,31
116,Pekka#[foc]#[hAn] ihailee Merjaa ,1,,1485,0,0,7,6,7,2,0,2,0,2,4,4,7,0,0,14,3,2,7,5,3,21,4,495,14,4,5,31
117,Pekka#[foc]#[pA] ihailee Merjaa ,1,,1475,0,0,7,6,7,2,0,2,0,2,4,4,7,0,0,14,3,2,7,5,3,21,4,491,14,4,5,31
118,Pekka#[foc]#[kO] ihailee Merjaa ,1,,1475,0,0,7,6,7,2,0,2,0,2,4,4,7,0,0,14,3,2,7,5,3,21,4,491,14,4,5,31
119,Pekka#[foc]#[kO]#[hAn] ihailee Merjaa ,1,,1595,0,0,7,6,7,2,0,2,0,2,4,4,7,0,0,15,3,2,7,5,3,22,4,531,14,4,5,31
120,Pekka#[foc]#[pA]#[hAn] ihailee Merjaa ,1,,1595,0,0,7,6,7,2,0,2,0,2,4,4,7,0,0,15,3,2,7,5,3,22,4,531,14,4,5,31
121,Pekka#[pA]#[hAn] ihailee Merjaa ,1,,1465,0,0,7,6,7,2,0,2,0,2,4,4,7,0,0,14,3,2,7,5,3,21,4,488,14,4,5,31
122,Pekka#[kO]#[hAn] ihailee Merjaa ,1,,1465,0,0,7,6,7,2,0,2,0,2,4,4,7,0,0,14,3,2,7,5,3,21,4,488,14,4,5,31
123,istuu#[foc] Pekka ,1,,970,0,0,5,4,3,1,0,0,1,2,3,3,5,0,0,9,1,1,4,3,2,14,3,485,10,3,8,15
124,istuu#[hAn] Pekka ,1,,970,0,0,5,4,3,1,0,0,1,2,3,3,5,0,0,9,1,1,4,3,2,14,3,485,10,3,8,15
125,istuu#[kO] Pekka ,1,,950,0,0,5,4,3,1,0,0,1,2,3,3,5,0,0,9,1,1,4,3,2,14,3,475,10,3,8,15
126,istuu#[pA] Pekka ,1,,950,0,0,5,4,3,1,0,0,1,2,3,3,5,0,0,9,1,1,4,3,2,14,3,475,10,3,8,31
127,istuu#[kO]#[hAn] Pekka ,1,,1140,0,0,5,4,3,1,0,0,1,2,3,3,5,0,0,11,1,1,4,3,2,16,3,570,10,3,8,15
128,istuu#[pA]#[hAn] Pekka ,1,,1140,0,0,5,4,3,1,0,0,1,2,3,3,5,0,0,11,1,1,4,3,2,16,3,570,10,3,8,15
129,istuu#[foc]#[kO]#[hAn] Pekka ,1,,1340,0,0,5,4,3,1,0,0,1,2,3,3,5,0,0,13,1,1,4,3,2,18,3,670,10,3,8,31
130,istuu#[foc]#[pA]#[hAn] Pekka ,1,,1340,0,0,5,4,3,1,0,0,1,2,3,3,5,0,0,13,1,1,4,3,2,18,3,670,10,3,8,15
131,se mies joka nukkui lahti ,1,,1605,0,0,24,7,14,8,0,7,1,9,11,18,8,0,0,11,1,2,29,4,7,19,4,321,119,14,93,78
132,se mies jota Merja ihaili lahti ,1,,2610,0,0,73,10,31,16,0,7,9,10,13,38,11,0,4,17,17,3,55,7,14,28,5,435,467,49,426,125
133,se mies jota ihaili Merja lahti ,1,,3845,1,2,66,12,48,24,0,14,10,18,22,37,12,0,1,17,10,4,57,7,12,29,5,640,551,46,565,156
134,keta Pekka ihailee ,1,,1070,0,0,9,6,8,2,0,1,1,1,3,8,7,0,2,8,4,2,13,4,3,15,3,356,26,6,18,31
135,kuka ihailee Merjaa ,1,,1250,0,0,7,6,7,2,0,2,0,2,4,4,7,0,0,13,3,2,7,5,3,20,3,416,14,4,5,31
136,kuka halusi ihailla Merjaa ,1,,1615,0,0,10,9,17,3,0,3,0,4,8,7,10,3,0,13,7,4,11,9,4,23,4,403,27,6,6,62
137,keta Pekka halusi ihailla ,1,,1515,0,0,19,9,16,9,0,3,4,4,8,15,10,1,2,8,7,4,23,7,5,18,4,378,85,14,58,78
138,Pekka#[hAn] ihailee Merjaa ,1,,1355,0,0,7,6,7,2,0,2,0,2,4,4,7,0,0,13,3,2,7,5,3,20,4,451,14,4,5,31
139,Pekkahan ihailee Merjaa ,1,,1390,0,0,7,6,7,2,0,2,0,2,4,4,7,0,0,14,3,2,7,5,3,21,3,463,14,4,5,31
140,Merjaa#[hAn] Pekka ihailee ,1,,1425,0,0,9,6,8,2,0,1,1,1,3,8,7,0,2,13,4,2,13,4,3,20,4,475,26,6,18,31
141,Merjaahan Pekka ihailee ,1,,1400,0,0,9,6,8,2,0,1,1,1,3,8,7,0,2,13,4,2,13,4,3,20,3,466,26,6,18,31
142,Helsingissa#[hAn] Pekka nukkui ,1,,1455,0,0,8,6,9,2,0,1,1,1,3,8,7,0,2,10,4,2,12,4,4,17,5,485,24,5,16,46
143,Merjaa#[hAn] Pekka halusi ihailla ,1,,1870,0,0,19,9,16,9,0,3,4,4,8,15,10,1,2,13,7,4,23,7,5,23,5,467,85,14,58,62
144,Pekka#[pA] ihailee Merjaa ,1,,1345,0,0,7,6,7,2,0,2,0,2,4,4,7,0,0,13,3,2,7,5,3,20,4,448,14,4,5,31
145,Merjaa#[pA] Pekka ihailee ,1,,1415,0,0,9,6,8,2,0,1,1,1,3,8,7,0,2,13,4,2,13,4,3,20,4,471,26,6,18,31
146,Helsingissa#[pA] Pekka nukkui ,1,,1445,0,0,8,6,9,2,0,1,1,1,3,8,7,0,2,10,4,2,12,4,4,17,5,481,24,5,16,31
147,Merjaa#[pA] Pekka halusi ihailla ,1,,1860,0,0,19,9,16,9,0,3,4,4,8,15,10,1,2,13,7,4,23,7,5,23,5,465,85,14,58,109
148,Pekka#[kO] ihailee Merjaa ,1,,1345,0,0,7,6,7,2,0,2,0,2,4,4,7,0,0,13,3,2,7,5,3,20,4,448,14,4,5,31
149,Merjaa#[kO] Pekka ihailee ,1,,1415,0,0,9,6,8,2,0,1,1,1,3,8,7,0,2,13,4,2,13,4,3,20,4,471,26,6,18,31
150,Helsingissa#[kO] Pekka nukkui ,1,,1445,0,0,8,6,9,2,0,1,1,1,3,8,7,0,2,10,4,2,12,4,4,17,5,481,24,5,16,31
151,Merjaa#[kO] Pekka halusi ihailla ,1,,1860,0,0,19,9,16,9,0,3,4,4,8,15,10,1,2,13,7,4,23,7,5,23,5,465,85,14,58,62
152,Pekka#[foc] ihailee Merjaa ,1,,1355,0,0,7,6,7,2,0,2,0,2,4,4,7,0,0,13,3,2,7,5,3,20,4,451,14,4,5,31
153,PEKKA ihailee Merjaa ,1,,1360,0,0,7,6,7,2,0,2,0,2,4,4,7,0,0,14,3,2,7,5,3,21,3,453,14,4,5,31
154,Merjaa#[foc] Pekka ihailee ,1,,1425,0,0,9,6,8,2,0,1,1,1,3,8,7,0,2,13,4,2,13,4,3,20,4,475,26,6,18,46
155,Helsingissa#[foc] Pekka nukkui ,1,,1455,0,0,8,6,9,2,0,1,1,1,3,8,7,0,2,10,4,2,12,4,4,17,5,485,24,5,16,31
156,Merjaa#[foc] Pekka halusi ihailla ,1,,1870,0,0,19,9,16,9,0,3,4,4,8,15,10,1,2,13,7,4,23,7,5,23,5,467,85,14,58,62
157,PEKKA#[hAn] ihailee Merjaa ,1,,1485,0,0,7,6,7,2,0,2,0,2,4,4,7,0,0,15,3,2,7,5,3,22,4,495,14,4,5,31
158,PEKKA#[pA] ihailee Merjaa ,1,,1475,0,0,7,6,7,2,0,2,0,2,4,4,7,0,0,15,3,2,7,5,3,22,4,491,14,4,5,31
159,PEKKA#[kO] ihailee Merjaa ,1,,1475,0,0,7,6,7,2,0,2,0,2,4,4,7,0,0,15,3,2,7,5,3,22,4,491,14,4,5,31
160,Merjaa#[foc]#[hAn] Pekka ihailee ,1,,1555,0,0,9,6,8,2,0,1,1,1,3,8,7,0,2,14,4,2,13,4,3,21,4,518,26,6,18,31
161,Merjaa#[foc]#[pA] Pekka ihailee ,1,,1545,0,0,9,6,8,2,0,1,1,1,3,8,7,0,2,14,4,2,13,4,3,21,4,515,26,6,18,31
162,Merjaa#[foc]#[kO] Pekka ihailee ,1,,1545,0,0,9,6,8,2,0,1,1,1,3,8,7,0,2,14,4,2,13,4,3,21,4,515,26,6,18,31
163,Merjaa#[foc]#[hAn] Pekka halusi ihailla ,1,,2000,0,0,19,9,16,9,0,3,4,4,8,15,10,1,2,14,7,4,23,7,5,24,5,500,85,14,58,62
164,Merjaa#[foc]#[pA] Pekka halusi ihailla ,1,,1990,0,0,19,9,16,9,0,3,4,4,8,15,10,1,2,14,7,4,23,7,5,24,5,497,85,14,58,78
165,Merjaa#[foc]#[kO] Pekka halusi ihailla ,1,,1990,0,0,19,9,16,9,0,3,4,4,8,15,10,1,2,14,7,4,23,7,5,24,5,497,85,14,58,62
166,kuka#[hAn] ihailee Merjaa ,1,,1365,0,0,7,6,7,2,0,2,0,2,4,4,7,0,0,14,3,2,7,5,3,21,4,455,14,4,5,31
167,kuka#[pA] ihailee Merjaa ,1,,1355,0,0,7,6,7,2,0,2,0,2,4,4,7,0,0,14,3,2,7,5,3,21,4,451,14,4,5,31
168,kuka#[kO] ihailee Merjaa ,1,,1355,0,0,7,6,7,2,0,2,0,2,4,4,7,0,0,14,3,2,7,5,3,21,4,451,14,4,5,31
169,keta#[hAn] Pekka ihailee ,1,,1185,0,0,9,6,8,2,0,1,1,1,3,8,7,0,2,9,4,2,13,4,3,16,4,395,26,6,18,31
170,keta#[pA] Pekka ihailee ,1,,1175,0,0,9,6,8,2,0,1,1,1,3,8,7,0,2,9,4,2,13,4,3,16,4,391,26,6,18,31
171,keta#[kO] Pekka ihailee ,1,,1175,0,0,9,6,8,2,0,1,1,1,3,8,7,0,2,9,4,2,13,4,3,16,4,391,26,6,18,31
172,Pekka#[pA]#[hAn] ihailee Merjaa ,1,,1465,0,0,7,6,7,2,0,2,0,2,4,4,7,0,0,14,3,2,7,5,3,21,4,488,14,4,5,31
173,Pekka#[kO]#[hAn] ihailee Merjaa ,1,,1465,0,0,7,6,7,2,0,2,0,2,4,4,7,0,0,14,3,2,7,5,3,21,4,488,14,4,5,31
174,Helsingissa#[kO]#[hAn] Pekka nukkui ,1,,1565,0,0,8,6,9,2,0,1,1,1,3,8,7,0,2,11,4,2,12,4,4,18,5,521,24,5,16,31
175,Helsingissa#[pA]#[hAn] Pekka nukkui ,1,,1565,0,0,8,6,9,2,0,1,1,1,3,8,7,0,2,11,4,2,12,4,4,18,5,521,24,5,16,31
176,PEKKA#[kO]#[hAn] ihailee Merjaa ,1,,1595,0,0,7,6,7,2,0,2,0,2,4,4,7,0,0,16,3,2,7,5,3,23,4,531,14,4,5,46
177,PEKKA#[pA]#[hAn] ihailee Merjaa ,1,,1595,0,0,7,6,7,2,0,2,0,2,4,4,7,0,0,16,3,2,7,5,3,23,4,531,14,4,5,31
178,Merjaa#[foc]#[pA]#[hAn] Pekka halusi ihailla ,1,,2110,0,0,19,9,16,9,0,3,4,4,8,15,10,1,2,15,7,4,23,7,5,25,5,527,85,14,58,62
179,Merjaa#[foc]#[kO]#[hAn] Pekka halusi ihailla ,1,,2110,0,0,19,9,16,9,0,3,4,4,8,15,10,1,2,15,7,4,23,7,5,25,5,527,85,14,58,62
180,Merjaa#[foc]#[pA]#[hAn] Pekka ihailee ,1,,1665,0,0,9,6,8,2,0,1,1,1,3,8,7,0,2,15,4,2,13,4,3,22,4,555,26,6,18,31
181,Merjaa#[foc]#[kO]#[hAn] Pekka ihailee ,1,,1665,0,0,9,6,8,2,0,1,1,1,3,8,7,0,2,15,4,2,13,4,3,22,4,555,26,6,18,31
182,Helsingissa#[foc]#[kO]#[hAn] Pekka nukkui ,1,,1695,0,0,8,6,9,2,0,1,1,1,3,8,7,0,2,12,4,2,12,4,4,19,5,565,24,5,16,31
183,Helsingissa#[foc]#[pA]#[hAn] Pekka nukkui ,1,,1695,0,0,8,6,9,2,0,1,1,1,3,8,7,0,2,12,4,2,12,4,4,19,5,565,24,5,16,46
184,kuka#[kO]#[hAn] ihailee Merjaa ,1,,1475,0,0,7,6,7,2,0,2,0,2,4,4,7,0,0,15,3,2,7,5,3,22,4,491,14,4,5,46
185,kuka#[pA]#[hAn] ihailee Merjaa ,1,,1475,0,0,7,6,7,2,0,2,0,2,4,4,7,0,0,15,3,2,7,5,3,22,4,491,14,4,5,31
186,kuka#[foc]#[kO]#[hAn] ihailee Merjaa ,1,,1605,0,0,7,6,7,2,0,2,0,2,4,4,7,0,0,16,3,2,7,5,3,23,4,535,14,4,5,46
187,kuka#[foc]#[pA]#[hAn] ihailee Merjaa ,1,,1605,0,0,7,6,7,2,0,2,0,2,4,4,7,0,0,16,3,2,7,5,3,23,4,535,14,4,5,31
188,keta#[foc]#[kO]#[hAn] Pekka ihailee ,1,,1425,0,0,9,6,8,2,0,1,1,1,3,8,7,0,2,11,4,2,13,4,3,18,4,475,26,6,18,31
189,keta#[foc]#[pA]#[hAn] Pekka ihailee ,1,,1425,0,0,9,6,8,2,0,1,1,1,3,8,7,0,2,11,4,2,13,4,3,18,4,475,26,6,18,46
190,keta#[foc]#[kO]#[hAn] Pekka halusi ihailla ,1,,1870,0,0,19,9,16,9,0,3,4,4,8,15,10,1,2,11,7,4,23,7,5,21,5,467,85,14,58,62
191,keta#[foc]#[pA]#[hAn] Pekka halusi ihailla ,1,,1870,0,0,19,9,16,9,0,3,4,4,8,15,10,1,2,11,7,4,23,7,5,21,5,467,85,14,58,78
192,se talo ihailee Merjaa ,1,,1220,0,0,12,6,5,2,0,0,2,2,4,9,7,0,0,11,4,2,13,4,4,18,3,305,32,7,27,31
193,se talo#[hAn] ihailee Merjaa ,1,,1315,0,0,12,6,5,2,0,2,0,2,4,7,7,0,0,12,4,2,11,4,4,19,4,328,32,7,22,31
194,se talo#[pA] ihailee Merjaa ,1,,1305,0,0,12,6,5,2,0,2,0,2,4,7,7,0,0,12,4,2,11,4,4,19,4,326,32,7,22,31
195,se talo#[kO] ihailee Merjaa ,1,,1305,0,0,12,6,5,2,0,2,0,2,4,7,7,0,0,12,4,2,11,4,4,19,4,326,32,7,22,31
196,se talo#[foc] ihailee Merjaa ,1,,1315,0,0,12,6,5,2,0,2,0,2,4,7,7,0,0,12,4,2,11,4,4,19,4,328,32,7,22,31
197,sita taloa#[hAn] Pekka ihailee ,1,,5370,3,6,17,17,20,4,0,2,2,4,6,24,15,0,3,13,12,2,34,10,8,28,6,1342,53,12,52,93
198,sita taloa#[pA] Pekka ihailee ,1,,5360,3,6,17,17,20,4,0,2,2,4,6,24,15,0,3,13,12,2,34,10,8,28,6,1340,53,12,52,93
199,sita taloa#[kO] Pekka ihailee ,1,,5360,3,6,17,17,20,4,0,2,2,4,6,24,15,0,3,13,12,2,34,10,8,28,6,1340,53,12,52,93
200,sita taloa#[foc] Pekka ihailee ,1,,5370,3,6,17,17,20,4,0,2,2,4,6,24,15,0,3,13,12,2,34,10,8,28,6,1342,53,12,52,93
201,se#[hAn] talo ihailee Merjaa ,1,,1295,0,0,12,6,5,2,0,2,0,2,4,7,7,0,0,12,4,2,11,4,4,19,4,323,32,7,22,62
202,se#[pA] talo ihailee Merjaa ,1,,1285,0,0,12,6,5,2,0,2,0,2,4,7,7,0,0,12,4,2,11,4,4,19,4,321,32,7,22,31
203,se#[kO] talo ihailee Merjaa ,1,,1285,0,0,12,6,5,2,0,2,0,2,4,7,7,0,0,12,4,2,11,4,4,19,4,321,32,7,22,46
204,se#[foc] talo ihailee Merjaa ,1,,1295,0,0,12,6,5,2,0,2,0,2,4,7,7,0,0,12,4,2,11,4,4,19,4,323,32,7,22,46
205,sita#[hAn] taloa Pekka ihailee ,1,,5375,3,6,17,17,20,5,0,2,3,4,6,25,15,0,3,13,12,2,34,10,8,28,6,1343,57,12,60,78
206,sita#[pA] taloa Pekka ihailee ,1,,5365,3,6,17,17,20,5,0,2,3,4,6,25,15,0,3,13,12,2,34,10,8,28,6,1341,57,12,60,93
207,sita#[kO] taloa Pekka ihailee ,1,,5365,3,6,17,17,20,5,0,2,3,4,6,25,15,0,3,13,12,2,34,10,8,28,6,1341,57,12,60,93
208,sita#[foc] taloa Pekka ihailee ,1,,5375,3,6,17,17,20,5,0,2,3,4,6,25,15,0,3,13,12,2,34,10,8,28,6,1343,57,12,60,93
209,se talo#[kO]#[hAn] ihailee Merjaa ,1,,1425,0,0,12,6,5,2,0,2,0,2,4,7,7,0,0,13,4,2,11,4,4,20,4,356,32,7,22,31
210,se talo#[pA]#[hAn] ihailee Merjaa ,1,,1425,0,0,12,6,5,2,0,2,0,2,4,7,7,0,0,13,4,2,11,4,4,20,4,356,32,7,22,31
211,se talo#[foc]#[hAn] ihailee Merjaa ,1,,1445,0,0,12,6,5,2,0,2,0,2,4,7,7,0,0,13,4,2,11,4,4,20,4,361,32,7,22,31
212,se talo#[foc]#[pA] ihailee Merjaa ,1,,1435,0,0,12,6,5,2,0,2,0,2,4,7,7,0,0,13,4,2,11,4,4,20,4,358,32,7,22,31
213,se#[kO]#[hAn] talo ihailee Merjaa ,1,,1405,0,0,12,6,5,2,0,2,0,2,4,7,7,0,0,13,4,2,11,4,4,20,4,351,32,7,22,46
214,se#[pA]#[hAn] talo ihailee Merjaa ,1,,1405,0,0,12,6,5,2,0,2,0,2,4,7,7,0,0,13,4,2,11,4,4,20,4,351,32,7,22,46
215,se#[foc]#[hAn] talo ihailee Merjaa ,1,,1425,0,0,12,6,5,2,0,2,0,2,4,7,7,0,0,13,4,2,11,4,4,20,4,356,32,7,22,46
216,se#[foc]#[pA] talo ihailee Merjaa ,1,,1415,0,0,12,6,5,2,0,2,0,2,4,7,7,0,0,13,4,2,11,4,4,20,4,353,32,7,22,31
217,sita taloa#[kO]#[hAn] Pekka ihailee ,1,,5480,3,6,17,17,20,4,0,2,2,4,6,24,15,0,3,14,12,2,34,10,8,29,6,1370,53,12,52,93
218,sita taloa#[pA]#[hAn] Pekka ihailee ,1,,5480,3,6,17,17,20,4,0,2,2,4,6,24,15,0,3,14,12,2,34,10,8,29,6,1370,53,12,52,109
219,sita taloa#[foc]#[hAn] Pekka ihailee ,1,,5500,3,6,17,17,20,4,0,2,2,4,6,24,15,0,3,14,12,2,34,10,8,29,6,1375,53,12,52,93
220,sita taloa#[foc]#[pA] Pekka ihailee ,1,,5490,3,6,17,17,20,4,0,2,2,4,6,24,15,0,3,14,12,2,34,10,8,29,6,1372,53,12,52,93
221,sita#[kO]#[hAn] taloa Pekka ihailee ,1,,5485,3,6,17,17,20,5,0,2,3,4,6,25,15,0,3,14,12,2,34,10,8,29,6,1371,57,12,60,93
222,sita#[pA]#[hAn] taloa Pekka ihailee ,1,,5485,3,6,17,17,20,5,0,2,3,4,6,25,15,0,3,14,12,2,34,10,8,29,6,1371,57,12,60,93
223,sita#[foc]#[hAn] taloa Pekka ihailee ,1,,5505,3,6,17,17,20,5,0,2,3,4,6,25,15,0,3,14,12,2,34,10,8,29,6,1376,57,12,60,93
224,sita#[foc]#[pA] taloa Pekka ihailee ,1,,5495,3,6,17,17,20,5,0,2,3,4,6,25,15,0,3,14,12,2,34,10,8,29,6,1373,57,12,60,109
225,se talo#[foc]#[kO]#[hAn] ihailee Merjaa ,1,,1555,0,0,12,6,5,2,0,2,0,2,4,7,7,0,0,14,4,2,11,4,4,21,4,388,32,7,22,31
226,se talo#[foc]#[pA]#[hAn] ihailee Merjaa ,1,,1555,0,0,12,6,5,2,0,2,0,2,4,7,7,0,0,14,4,2,11,4,4,21,4,388,32,7,22,31
227,se#[foc]#[kO]#[hAn] talo ihailee Merjaa ,1,,1535,0,0,12,6,5,2,0,2,0,2,4,7,7,0,0,14,4,2,11,4,4,21,4,383,32,7,22,31
228,se#[foc]#[pA]#[hAn] talo ihailee Merjaa ,1,,1535,0,0,12,6,5,2,0,2,0,2,4,7,7,0,0,14,4,2,11,4,4,21,4,383,32,7,22,31
229,sita taloa#[foc]#[kO]#[hAn] Pekka ihailee ,1,,5610,3,6,17,17,20,4,0,2,2,4,6,24,15,0,3,15,12,2,34,10,8,30,6,1402,53,12,52,93
230,sita taloa#[foc]#[pA]#[hAn] Pekka ihailee ,1,,5610,3,6,17,17,20,4,0,2,2,4,6,24,15,0,3,15,12,2,34,10,8,30,6,1402,53,12,52,93
231,sita#[foc]#[kO]#[hAn] taloa Pekka ihailee ,1,,5615,3,6,17,17,20,5,0,2,3,4,6,25,15,0,3,15,12,2,34,10,8,30,6,1403,57,12,60,93
232,sita#[foc]#[pA]#[hAn] taloa Pekka ihailee ,1,,5615,3,6,17,17,20,5,0,2,3,4,6,25,15,0,3,15,12,2,34,10,8,30,6,1403,57,12,60,93
233,sita taloa Pekka haluaa ihailla ,1,,7955,4,8,34,32,46,13,0,0,13,13,17,49,29,5,5,12,35,4,64,27,12,41,9,1591,171,24,223,218
234,sita taloa#[hAn] Pekka haluaa ihailla ,1,,9380,5,10,40,35,54,21,0,7,9,16,20,49,31,6,5,13,38,4,70,27,15,44,10,1876,169,30,139,281
235,sita taloa#[pA] Pekka haluaa ihailla ,1,,9370,5,10,40,35,54,21,0,7,9,16,20,49,31,6,5,13,38,4,70,27,15,44,10,1874,169,30,139,250
236,sita taloa#[kO] Pekka haluaa ihailla ,1,,9370,5,10,40,35,54,21,0,7,9,16,20,49,31,6,5,13,38,4,70,27,15,44,10,1874,169,30,139,312
237,sita taloa#[foc] Pekka haluaa ihailla ,1,,9380,5,10,40,35,54,21,0,7,9,16,20,49,31,6,5,13,38,4,70,27,15,44,10,1876,169,30,139,265
238,sita taloa#[foc]#[hAn] Pekka haluaa ihailla ,1,,9510,5,10,40,35,54,21,0,7,9,16,20,49,31,6,5,14,38,4,70,27,15,45,10,1902,169,30,139,218
239,sita taloa#[foc]#[pA] Pekka haluaa ihailla ,1,,9500,5,10,40,35,54,21,0,7,9,16,20,49,31,6,5,14,38,4,70,27,15,45,10,1900,169,30,139,250
240,sita taloa#[foc]#[kO] Pekka haluaa ihailla ,1,,9500,5,10,40,35,54,21,0,7,9,16,20,49,31,6,5,14,38,4,70,27,15,45,10,1900,169,30,139,250
241,sita taloa#[pA]#[hAn] Pekka haluaa ihailla ,1,,9490,5,10,40,35,54,21,0,7,9,16,20,49,31,6,5,14,38,4,70,27,15,45,10,1898,169,30,139,234
242,sita taloa#[kO]#[hAn] Pekka haluaa ihailla ,1,,9490,5,10,40,35,54,21,0,7,9,16,20,49,31,6,5,14,38,4,70,27,15,45,10,1898,169,30,139,234
243,sita taloa#[foc]#[pA]#[hAn] Pekka haluaa ihailla ,1,,9620,5,10,40,35,54,21,0,7,9,16,20,49,31,6,5,15,38,4,70,27,15,46,10,1924,169,30,139,250
244,sita taloa#[foc]#[kO]#[hAn] Pekka haluaa ihailla ,1,,9620,5,10,40,35,54,21,0,7,9,16,20,49,31,6,5,15,38,4,70,27,15,46,10,1924,169,30,139,250
245,sita#[hAn] taloa Pekka haluaa ihailla ,1,,9390,5,10,40,35,54,24,0,8,11,15,19,51,31,6,4,13,37,4,69,27,15,44,10,1878,179,30,157,234
246,sita#[pA] taloa Pekka haluaa ihailla ,1,,9380,5,10,40,35,54,24,0,8,11,15,19,51,31,6,4,13,37,4,69,27,15,44,10,1876,179,30,157,250
247,sita#[kO] taloa Pekka haluaa ihailla ,1,,9380,5,10,40,35,54,24,0,8,11,15,19,51,31,6,4,13,37,4,69,27,15,44,10,1876,179,30,157,250
248,sita#[foc] taloa Pekka haluaa ihailla ,1,,9390,5,10,40,35,54,24,0,8,11,15,19,51,31,6,4,13,37,4,69,27,15,44,10,1878,179,30,157,234
249,sita#[foc]#[hAn] taloa Pekka haluaa ihailla ,1,,9520,5,10,40,35,54,24,0,8,11,15,19,51,31,6,4,14,37,4,69,27,15,45,10,1904,179,30,157,250
250,sita#[foc]#[pA] taloa Pekka haluaa ihailla ,1,,9510,5,10,40,35,54,24,0,8,11,15,19,51,31,6,4,14,37,4,69,27,15,45,10,1902,179,30,157,250
251,sita#[foc]#[kO] taloa Pekka haluaa ihailla ,1,,9510,5,10,40,35,54,24,0,8,11,15,19,51,31,6,4,14,37,4,69,27,15,45,10,1902,179,30,157,250
252,sita#[pA]#[hAn] taloa Pekka haluaa ihailla ,1,,9500,5,10,40,35,54,24,0,8,11,15,19,51,31,6,4,14,37,4,69,27,15,45,10,1900,179,30,157,234
253,sita#[kO]#[hAn] taloa Pekka haluaa ihailla ,1,,9500,5,10,40,35,54,24,0,8,11,15,19,51,31,6,4,14,37,4,69,27,15,45,10,1900,179,30,157,234
254,sita#[foc]#[pA]#[hAn] taloa Pekka haluaa ihailla ,1,,9630,5,10,40,35,54,24,0,8,11,15,19,51,31,6,4,15,37,4,69,27,15,46,10,1926,179,30,157,265
255,sita#[foc]#[kO]#[hAn] taloa Pekka haluaa ihailla ,1,,9630,5,10,40,35,54,24,0,8,11,15,19,51,31,6,4,15,37,4,69,27,15,46,10,1926,179,30,157,265
256,Merjaa#[foc] lahella Pekka nukkui ,1,,5680,3,5,17,17,22,14,0,5,3,13,15,35,16,0,9,20,24,2,48,12,11,36,7,1420,84,9,90,140
257,Merjaa#[hAn] lahella Pekka nukkui ,1,,5680,3,5,17,17,22,14,0,5,3,13,15,35,16,0,9,20,24,2,48,12,11,36,7,1420,84,9,90,156
258,Merjaa#[kO] lahella Pekka nukkui ,1,,5670,3,5,17,17,22,14,0,5,3,13,15,35,16,0,9,20,24,2,48,12,11,36,7,1417,84,9,90,140
259,Merjaa#[pA] lahella Pekka nukkui ,1,,5670,3,5,17,17,22,14,0,5,3,13,15,35,16,0,9,20,24,2,48,12,11,36,7,1417,84,9,90,125
260,Merjaa#[kO]#[hAn] lahella Pekka nukkui ,1,,5790,3,5,17,17,22,14,0,5,3,13,15,35,16,0,9,21,24,2,48,12,11,37,7,1447,84,9,90,140
261,Merjaa#[pA]#[hAn] lahella Pekka nukkui ,1,,5790,3,5,17,17,22,14,0,5,3,13,15,35,16,0,9,21,24,2,48,12,11,37,7,1447,84,9,90,156
262,Merjaa#[foc]#[hAn] lahella Pekka nukkui ,1,,5810,3,5,17,17,22,14,0,5,3,13,15,35,16,0,9,21,24,2,48,12,11,37,7,1452,84,9,90,140
263,Merjaa#[foc]#[pA] lahella Pekka nukkui ,1,,5800,3,5,17,17,22,14,0,5,3,13,15,35,16,0,9,21,24,2,48,12,11,37,7,1450,84,9,90,140
264,Merjaa#[foc]#[pA]#[hAn] lahella Pekka nukkui ,1,,5920,3,5,17,17,22,14,0,5,3,13,15,35,16,0,9,22,24,2,48,12,11,38,7,1480,84,9,90,140
265,Merjaa#[foc]#[kO]#[hAn] lahella Pekka nukkui ,1,,5920,3,5,17,17,22,14,0,5,3,13,15,35,16,0,9,22,24,2,48,12,11,38,7,1480,84,9,90,140
266,keta ihailee Pekka ,1,,1055,0,0,8,6,9,4,0,3,1,3,6,6,7,0,0,8,1,3,10,4,2,15,3,351,36,5,28,31
267,kuka ihailee Merjaa ,1,,1250,0,0,7,6,7,2,0,2,0,2,4,4,7,0,0,13,3,2,7,5,3,20,3,416,14,4,5,31
268,kuka Merjaa halusi ihailla ,1,,1730,0,0,17,9,16,6,0,3,1,4,9,12,10,1,2,13,11,5,20,7,7,23,4,432,79,12,62,62
269,Pekka#[hAn] Merjaa ihailee ,1,,1425,0,0,9,6,8,2,0,1,1,1,4,8,7,0,2,13,4,3,13,4,4,20,4,475,25,6,18,31
270,Pekkahan Merjaa ihailee ,1,,1460,0,0,9,6,8,2,0,1,1,1,4,8,7,0,2,14,4,3,13,4,4,21,3,486,25,6,18,31
271,Merjaa#[hAn] ihailee Pekka ,1,,1410,0,0,8,6,9,4,0,3,1,3,6,6,7,0,0,13,1,3,10,4,2,20,4,470,36,5,28,31
272,Merjaahan ihailee Pekka ,1,,1385,0,0,8,6,9,4,0,3,1,3,6,6,7,0,0,13,1,3,10,4,2,20,3,461,36,5,28,31
273,Helsingissa#[hAn] nukkui Pekka ,1,,2590,1,2,8,8,10,5,0,4,1,5,8,9,8,0,1,10,3,3,13,5,2,18,5,863,27,5,20,62
274,Pekka#[pA] Merjaa ihailee ,1,,1415,0,0,9,6,8,2,0,1,1,1,4,8,7,0,2,13,4,3,13,4,4,20,4,471,25,6,18,46
275,Merjaa#[pA] ihailee Pekka ,1,,1400,0,0,8,6,9,4,0,3,1,3,6,6,7,0,0,13,1,3,10,4,2,20,4,466,36,5,28,31
276,Helsingissa#[pA] nukkui Pekka ,1,,2580,1,2,8,8,10,5,0,4,1,5,8,9,8,0,1,10,3,3,13,5,2,18,5,860,27,5,20,62
277,Pekka#[kO] Merjaa ihailee ,1,,1415,0,0,9,6,8,2,0,1,1,1,4,8,7,0,2,13,4,3,13,4,4,20,4,471,25,6,18,31
278,Merjaa#[kO] ihailee Pekka ,1,,1400,0,0,8,6,9,4,0,3,1,3,6,6,7,0,0,13,1,3,10,4,2,20,4,466,36,5,28,31
279,Helsingissa#[kO] nukkui Pekka ,1,,2580,1,2,8,8,10,5,0,4,1,5,8,9,8,0,1,10,3,3,13,5,2,18,5,860,27,5,20,46
280,Pekka#[foc] Merjaa ihailee ,1,,1425,0,0,9,6,8,2,0,1,1,1,4,8,7,0,2,13,4,3,13,4,4,20,4,475,25,6,18,46
281,PEKKA Merjaa ihailee ,1,,1430,0,0,9,6,8,2,0,1,1,1,4,8,7,0,2,14,4,3,13,4,4,21,3,476,25,6,18,31
282,Merjaa#[foc] ihailee Pekka ,1,,1410,0,0,8,6,9,4,0,3,1,3,6,6,7,0,0,13,1,3,10,4,2,20,4,470,36,5,28,31
283,Helsingissa#[foc] nukkui Pekka ,1,,2590,1,2,8,8,10,5,0,4,1,5,8,9,8,0,1,10,3,3,13,5,2,18,5,863,27,5,20,46
284,PEKKA#[hAn] Merjaa ihailee ,1,,1555,0,0,9,6,8,2,0,1,1,1,4,8,7,0,2,15,4,3,13,4,4,22,4,518,25,6,18,46
285,PEKKA#[pA] Merjaa ihailee ,1,,1545,0,0,9,6,8,2,0,1,1,1,4,8,7,0,2,15,4,3,13,4,4,22,4,515,25,6,18,31
286,PEKKA#[kO] Merjaa ihailee ,1,,1545,0,0,9,6,8,2,0,1,1,1,4,8,7,0,2,15,4,3,13,4,4,22,4,515,25,6,18,31
287,Pekka#[pA]#[hAn] Merjaa ihailee ,1,,1535,0,0,9,6,8,2,0,1,1,1,4,8,7,0,2,14,4,3,13,4,4,21,4,511,25,6,18,31
288,Pekka#[kO]#[hAn] Merjaa ihailee ,1,,1535,0,0,9,6,8,2,0,1,1,1,4,8,7,0,2,14,4,3,13,4,4,21,4,511,25,6,18,31
289,kuka#[hAn] Merjaa ihailee ,1,,1435,0,0,9,6,8,2,0,1,1,1,4,8,7,0,2,14,4,3,13,4,4,21,4,478,25,6,18,31
290,kuka#[pA] Merjaa ihailee ,1,,1425,0,0,9,6,8,2,0,1,1,1,4,8,7,0,2,14,4,3,13,4,4,21,4,475,25,6,18,46
291,kuka#[kO] Merjaa ihailee ,1,,1425,0,0,9,6,8,2,0,1,1,1,4,8,7,0,2,14,4,3,13,4,4,21,4,475,25,6,18,46
292,Merjaa#[foc]#[hAn] ihailee Pekka ,1,,1540,0,0,8,6,9,4,0,3,1,3,6,6,7,0,0,14,1,3,10,4,2,21,4,513,36,5,28,31
293,Merjaa#[foc]#[pA] ihailee Pekka ,1,,1530,0,0,8,6,9,4,0,3,1,3,6,6,7,0,0,14,1,3,10,4,2,21,4,510,36,5,28,31
294,Merjaa#[foc]#[kO] ihailee Pekka ,1,,1530,0,0,8,6,9,4,0,3,1,3,6,6,7,0,0,14,1,3,10,4,2,21,4,510,36,5,28,31
295,Merjaa#[foc]#[pA]#[hAn] ihailee Pekka ,1,,1650,0,0,8,6,9,4,0,3,1,3,6,6,7,0,0,15,1,3,10,4,2,22,4,550,36,5,28,31
296,Merjaa#[foc]#[kO]#[hAn] ihailee Pekka ,1,,1650,0,0,8,6,9,4,0,3,1,3,6,6,7,0,0,15,1,3,10,4,2,22,4,550,36,5,28,31
297,keta#[hAn] ihailee Pekka ,1,,1170,0,0,8,6,9,4,0,3,1,3,6,6,7,0,0,9,1,3,10,4,2,16,4,390,36,5,28,31
298,keta#[pA] ihailee Pekka ,1,,1160,0,0,8,6,9,4,0,3,1,3,6,6,7,0,0,9,1,3,10,4,2,16,4,386,36,5,28,15
299,keta#[kO] ihailee Pekka ,1,,1160,0,0,8,6,9,4,0,3,1,3,6,6,7,0,0,9,1,3,10,4,2,16,4,386,36,5,28,31
300,Helsingissa#[foc]#[hAn] nukkui Pekka ,1,,2720,1,2,8,8,10,5,0,4,1,5,8,9,8,0,1,11,3,3,13,5,2,19,5,906,27,5,20,62
301,Helsingissa#[foc]#[kO] nukkui Pekka ,1,,2710,1,2,8,8,10,5,0,4,1,5,8,9,8,0,1,11,3,3,13,5,2,19,5,903,27,5,20,62
302,Helsingissa#[foc]#[pA] nukkui Pekka ,1,,2710,1,2,8,8,10,5,0,4,1,5,8,9,8,0,1,11,3,3,13,5,2,19,5,903,27,5,20,62
303,Helsingissa#[pA]#[hAn] nukkui Pekka ,1,,2700,1,2,8,8,10,5,0,4,1,5,8,9,8,0,1,11,3,3,13,5,2,19,5,900,27,5,20,62
304,Helsingissa#[kO]#[hAn] nukkui Pekka ,1,,2700,1,2,8,8,10,5,0,4,1,5,8,9,8,0,1,11,3,3,13,5,2,19,5,900,27,5,20,62
305,PEKKA#[kO]#[hAn] Merjaa ihailee ,1,,1665,0,0,9,6,8,2,0,1,1,1,4,8,7,0,2,16,4,3,13,4,4,23,4,555,25,6,18,31
306,PEKKA#[pA]#[hAn] Merjaa ihailee ,1,,1665,0,0,9,6,8,2,0,1,1,1,4,8,7,0,2,16,4,3,13,4,4,23,4,555,25,6,18,46
307,kuka#[kO]#[hAn] Merjaa ihailee ,1,,1545,0,0,9,6,8,2,0,1,1,1,4,8,7,0,2,15,4,3,13,4,4,22,4,515,25,6,18,31
308,Merjaa#[foc]#[kO]#[hAn] ihailee Pekka ,1,,1650,0,0,8,6,9,4,0,3,1,3,6,6,7,0,0,15,1,3,10,4,2,22,4,550,36,5,28,46
309,Merjaa#[foc]#[pA]#[hAn] ihailee Pekka ,1,,1650,0,0,8,6,9,4,0,3,1,3,6,6,7,0,0,15,1,3,10,4,2,22,4,550,36,5,28,46
310,keta#[foc]#[kO]#[hAn] ihailee Pekka ,1,,1410,0,0,8,6,9,4,0,3,1,3,6,6,7,0,0,11,1,3,10,4,2,18,4,470,36,5,28,46
311,Helsingissa#[foc]#[pA]#[hAn] nukkui Pekka ,1,,2830,1,2,8,8,10,5,0,4,1,5,8,9,8,0,1,12,3,3,13,5,2,20,5,943,27,5,20,62
312,Helsingissa#[foc]#[kO]#[hAn] nukkui Pekka ,1,,2830,1,2,8,8,10,5,0,4,1,5,8,9,8,0,1,12,3,3,13,5,2,20,5,943,27,5,20,46
313,se talo#[hAn] Merjaa ihailee ,1,,1385,0,0,17,6,6,2,0,1,1,1,4,11,7,0,2,12,5,3,17,3,5,19,4,346,47,12,36,31
314,se talo#[pA] Merjaa ihailee ,1,,1375,0,0,17,6,6,2,0,1,1,1,4,11,7,0,2,12,5,3,17,3,5,19,4,343,47,12,36,31
315,se talo#[kO] Merjaa ihailee ,1,,1375,0,0,17,6,6,2,0,1,1,1,4,11,7,0,2,12,5,3,17,3,5,19,4,343,47,12,36,46
316,se talo#[foc] Merjaa ihailee ,1,,1385,0,0,17,6,6,2,0,1,1,1,4,11,7,0,2,12,5,3,17,3,5,19,4,346,47,12,36,31
317,se talo#[kO]#[hAn] Merjaa ihailee ,1,,1495,0,0,17,6,6,2,0,1,1,1,4,11,7,0,2,13,5,3,17,3,5,20,4,373,47,12,36,46
318,se talo#[pA]#[hAn] Merjaa ihailee ,1,,1495,0,0,17,6,6,2,0,1,1,1,4,11,7,0,2,13,5,3,17,3,5,20,4,373,47,12,36,31
319,se talo#[foc]#[kO]#[hAn] Merjaa ihailee ,1,,1625,0,0,17,6,6,2,0,1,1,1,4,11,7,0,2,14,5,3,17,3,5,21,4,406,47,12,36,31
320,se talo#[foc]#[pA]#[hAn] Merjaa ihailee ,1,,1625,0,0,17,6,6,2,0,1,1,1,4,11,7,0,2,14,5,3,17,3,5,21,4,406,47,12,36,46
321,sita taloa#[hAn] ihailee Pekka ,1,,2565,1,2,13,8,10,6,0,4,2,5,8,12,8,0,0,12,2,3,18,4,4,20,5,641,58,8,60,46
322,sita taloa#[pA] ihailee Pekka ,1,,2555,1,2,13,8,10,6,0,4,2,5,8,12,8,0,0,12,2,3,18,4,4,20,5,638,58,8,60,62
323,sita taloa#[kO] ihailee Pekka ,1,,2555,1,2,13,8,10,6,0,4,2,5,8,12,8,0,0,12,2,3,18,4,4,20,5,638,58,8,60,62
324,sita taloa#[foc] ihailee Pekka ,1,,2565,1,2,13,8,10,6,0,4,2,5,8,12,8,0,0,12,2,3,18,4,4,20,5,641,58,8,60,46
325,sita taloa#[kO]#[hAn] ihailee Pekka ,1,,2675,1,2,13,8,10,6,0,4,2,5,8,12,8,0,0,13,2,3,18,4,4,21,5,668,58,8,60,62
326,sita taloa#[pA]#[hAn] ihailee Pekka ,1,,2675,1,2,13,8,10,6,0,4,2,5,8,12,8,0,0,13,2,3,18,4,4,21,5,668,58,8,60,62
327,sita taloa#[foc]#[kO]#[hAn] ihailee Pekka ,1,,2805,1,2,13,8,10,6,0,4,2,5,8,12,8,0,0,14,2,3,18,4,4,22,5,701,58,8,60,62
328,sita taloa#[foc]#[pA]#[hAn] ihailee Pekka ,1,,2805,1,2,13,8,10,6,0,4,2,5,8,12,8,0,0,14,2,3,18,4,4,22,5,701,58,8,60,62
329,se#[hAn] talo Merjaa ihailee ,1,,1365,0,0,17,6,6,2,0,1,1,1,4,11,7,0,2,12,5,3,17,3,5,19,4,341,47,12,36,31
330,se#[pA] talo Merjaa ihailee ,1,,1355,0,0,17,6,6,2,0,1,1,1,4,11,7,0,2,12,5,3,17,3,5,19,4,338,47,12,36,31
331,se#[kO] talo Merjaa ihailee ,1,,1355,0,0,17,6,6,2,0,1,1,1,4,11,7,0,2,12,5,3,17,3,5,19,4,338,47,12,36,46
332,se#[foc] talo Merjaa ihailee ,1,,1365,0,0,17,6,6,2,0,1,1,1,4,11,7,0,2,12,5,3,17,3,5,19,4,341,47,12,36,31
333,se#[kO]#[hAn] talo Merjaa ihailee ,1,,1475,0,0,17,6,6,2,0,1,1,1,4,11,7,0,2,13,5,3,17,3,5,20,4,368,47,12,36,31
334,se#[pA]#[hAn] talo Merjaa ihailee ,1,,1475,0,0,17,6,6,2,0,1,1,1,4,11,7,0,2,13,5,3,17,3,5,20,4,368,47,12,36,31
335,se#[foc]#[kO]#[hAn] talo Merjaa ihailee ,1,,1605,0,0,17,6,6,2,0,1,1,1,4,11,7,0,2,14,5,3,17,3,5,21,4,401,47,12,36,31
336,se#[foc]#[pA]#[hAn] talo Merjaa ihailee ,1,,1605,0,0,17,6,6,2,0,1,1,1,4,11,7,0,2,14,5,3,17,3,5,21,4,401,47,12,36,31
337,sita#[hAn] taloa ihailee Pekka ,1,,2555,1,2,13,8,10,6,0,4,2,5,8,12,8,0,0,12,2,3,18,4,4,20,5,638,58,8,61,62
338,sita#[pA] taloa ihailee Pekka ,1,,2545,1,2,13,8,10,6,0,4,2,5,8,12,8,0,0,12,2,3,18,4,4,20,5,636,58,8,61,46
339,sita#[kO] taloa ihailee Pekka ,1,,2545,1,2,13,8,10,6,0,4,2,5,8,12,8,0,0,12,2,3,18,4,4,20,5,636,58,8,61,62
340,sita#[foc] taloa ihailee Pekka ,1,,2555,1,2,13,8,10,6,0,4,2,5,8,12,8,0,0,12,2,3,18,4,4,20,5,638,58,8,61,62
341,sita#[kO]#[hAn] taloa ihailee Pekka ,1,,2665,1,2,13,8,10,6,0,4,2,5,8,12,8,0,0,13,2,3,18,4,4,21,5,666,58,8,61,46
342,sita#[pA]#[hAn] taloa ihailee Pekka ,1,,2665,1,2,13,8,10,6,0,4,2,5,8,12,8,0,0,13,2,3,18,4,4,21,5,666,58,8,61,62
343,sita#[foc]#[kO]#[hAn] taloa ihailee Pekka ,1,,2795,1,2,13,8,10,6,0,4,2,5,8,12,8,0,0,14,2,3,18,4,4,22,5,698,58,8,61,62
344,sita#[foc]#[pA]#[hAn] taloa ihailee Pekka ,1,,2795,1,2,13,8,10,6,0,4,2,5,8,12,8,0,0,14,2,3,18,4,4,22,5,698,58,8,61,62
345,Jukka kysyi keta Pekka ihailee ,1,,2170,0,0,14,11,26,8,0,1,7,7,11,21,12,0,2,15,15,4,32,12,5,27,5,434,76,9,71,93
346,Jukka kysyi kuka ihailee Merjaa ,1,,2385,0,0,12,11,27,10,0,4,6,10,14,17,12,0,0,20,14,4,26,13,4,32,5,477,64,7,50,93
347,Jukka kysyi kuka halusi ihailla Merjaa ,1,,2940,0,0,15,14,49,14,0,7,7,16,22,23,15,5,0,20,22,6,35,19,5,35,6,490,97,9,60,140
348,Jukka sanoi etta Pekka#[hAn] ihailee Merjaa ,1,,2705,0,0,19,11,27,11,0,5,6,14,17,26,12,0,0,20,21,3,40,15,6,32,6,450,110,10,96,109
349,Jukka sanoi etta Pekkahan ihailee Merjaa ,1,,2740,0,0,19,11,27,11,0,5,6,14,17,26,12,0,0,21,21,3,40,15,6,33,5,456,110,10,96,125
350,Jukka sanoi etta Merjaa#[hAn] Pekka ihailee ,1,,2780,0,0,23,11,25,8,0,1,7,10,13,36,12,0,2,20,22,3,52,14,7,32,6,463,164,14,226,125
351,Jukka sanoi etta Merjaahan Pekka ihailee ,1,,2755,0,0,23,11,25,8,0,1,7,10,13,36,12,0,2,20,22,3,52,14,7,32,5,459,164,14,226,125
352,Jukka sanoi etta Helsingissa#[hAn] Pekka nukkui ,1,,2790,0,0,21,11,29,8,0,1,7,10,13,34,12,0,2,17,22,3,48,14,6,29,7,465,171,12,232,140
353,Jukka sanoi etta Pekka#[pA] ihailee Merjaa ,1,,2695,0,0,19,11,27,11,0,5,6,14,17,26,12,0,0,20,21,3,40,15,6,32,6,449,110,10,96,125
354,Jukka sanoi etta Merjaa#[pA] Pekka ihailee ,1,,2770,0,0,23,11,25,8,0,1,7,10,13,36,12,0,2,20,22,3,52,14,7,32,6,461,164,14,226,140
355,Jukka sanoi etta Helsingissa#[pA] Pekka nukkui ,1,,2780,0,0,21,11,29,8,0,1,7,10,13,34,12,0,2,17,22,3,48,14,6,29,7,463,171,12,232,125
356,Jukka kysyi etta Pekka#[kO] ihailee Merjaa ,1,,2745,0,0,13,12,34,10,0,5,5,13,17,24,13,0,0,20,23,4,37,17,5,33,6,457,77,7,62,125
357,Jukka kysyi etta Merjaa#[kO] Pekka ihailee ,1,,2820,0,0,15,12,32,7,0,1,6,9,13,34,13,0,2,20,24,4,49,16,6,33,6,470,110,9,140,125
358,Jukka kysyi etta Helsingissa#[kO] Pekka nukkui ,1,,2830,0,0,14,12,36,7,0,1,6,9,13,32,13,0,2,17,24,4,45,16,5,30,7,471,113,8,140,140
359,Jukka sanoi etta Pekka#[foc] ihailee Merjaa ,1,,2705,0,0,19,11,27,11,0,5,6,14,17,26,12,0,0,20,21,3,40,15,6,32,6,450,110,10,96,109
360,Jukka sanoi etta PEKKA ihailee Merjaa ,1,,2710,0,0,19,11,27,11,0,5,6,14,17,26,12,0,0,21,21,3,40,15,6,33,5,451,110,10,96,125
361,Jukka sanoi etta Merjaa#[foc] Pekka ihailee ,1,,2780,0,0,23,11,25,8,0,1,7,10,13,36,12,0,2,20,22,3,52,14,7,32,6,463,164,14,226,109
362,Jukka sanoi etta Helsingissa#[foc] Pekka nukkui ,1,,2790,0,0,21,11,29,8,0,1,7,10,13,34,12,0,2,17,22,3,48,14,6,29,7,465,171,12,232,125
363,Jukka sanoi etta PEKKA#[hAn] ihailee Merjaa ,1,,2835,0,0,19,11,27,11,0,5,6,14,17,26,12,0,0,22,21,3,40,15,6,34,6,472,110,10,96,125
364,Jukka sanoi etta PEKKA#[pA] ihailee Merjaa ,1,,2825,0,0,19,11,27,11,0,5,6,14,17,26,12,0,0,22,21,3,40,15,6,34,6,470,110,10,96,109
365,Jukka kysyi etta PEKKA#[kO] ihailee Merjaa ,1,,2875,0,0,13,12,34,10,0,5,5,13,17,24,13,0,0,22,23,4,37,17,5,35,6,479,77,7,62,125
366,Jukka sanoi etta Pekka#[pA]#[hAn] ihailee Merjaa ,1,,2815,0,0,19,11,27,11,0,5,6,14,17,26,12,0,0,21,21,3,40,15,6,33,6,469,110,10,96,109
367,Jukka kysyi etta Pekka#[kO]#[hAn] ihailee Merjaa ,1,,2865,0,0,13,12,34,10,0,5,5,13,17,24,13,0,0,21,23,4,37,17,5,34,6,477,77,7,62,125
368,Jukka kysyi etta kuka#[hAn] ihailee Merjaa ,1,,2765,0,0,13,12,34,10,0,5,5,13,17,24,13,0,0,21,23,4,37,17,5,34,6,460,77,7,62,109
369,Jukka kysyi etta kuka#[pA] ihailee Merjaa ,1,,2755,0,0,13,12,34,10,0,5,5,13,17,24,13,0,0,21,23,4,37,17,5,34,6,459,77,7,62,125
370,Jukka kysyi etta kuka#[kO] ihailee Merjaa ,1,,2755,0,0,13,12,34,10,0,5,5,13,17,24,13,0,0,21,23,4,37,17,5,34,6,459,77,7,62,125
371,Jukka sanoi etta Merjaa#[foc]#[hAn] Pekka ihailee ,1,,2910,0,0,23,11,25,8,0,1,7,10,13,36,12,0,2,21,22,3,52,14,7,33,6,485,164,14,226,125
372,Jukka sanoi etta Merjaa#[foc]#[pA] Pekka ihailee ,1,,2900,0,0,23,11,25,8,0,1,7,10,13,36,12,0,2,21,22,3,52,14,7,33,6,483,164,14,226,125
373,Jukka kysyi etta Merjaa#[foc]#[kO] Pekka ihailee ,1,,2950,0,0,15,12,32,7,0,1,6,9,13,34,13,0,2,21,24,4,49,16,6,34,6,491,110,9,140,125
374,Jukka sanoi etta Merjaa#[foc]#[pA]#[hAn] Pekka ihailee ,1,,3020,0,0,23,11,25,8,0,1,7,10,13,36,12,0,2,22,22,3,52,14,7,34,6,503,164,14,226,109
375,Jukka kysyi etta Merjaa#[foc]#[kO]#[hAn] Pekka ihailee ,1,,3070,0,0,15,12,32,7,0,1,6,9,13,34,13,0,2,22,24,4,49,16,6,35,6,511,110,9,140,125
376,Jukka kysyi etta keta#[hAn] Pekka ihailee ,1,,2590,0,0,15,12,32,7,0,1,6,9,13,34,13,0,2,16,24,4,49,16,6,29,6,431,110,9,140,125
377,Jukka kysyi etta keta#[pA] Pekka ihailee ,1,,2580,0,0,15,12,32,7,0,1,6,9,13,34,13,0,2,16,24,4,49,16,6,29,6,430,110,9,140,109
378,Jukka kysyi etta keta#[kO] Pekka ihailee ,1,,2580,0,0,15,12,32,7,0,1,6,9,13,34,13,0,2,16,24,4,49,16,6,29,6,430,110,9,140,109
379,Jukka sanoi etta Helsingissa#[foc]#[hAn] Pekka nukkui ,1,,2920,0,0,21,11,29,8,0,1,7,10,13,34,12,0,2,18,22,3,48,14,6,30,7,486,171,12,232,140
380,Jukka sanoi etta Helsingissa#[foc]#[pA] Pekka nukkui ,1,,2910,0,0,21,11,29,8,0,1,7,10,13,34,12,0,2,18,22,3,48,14,6,30,7,485,171,12,232,156
381,Jukka kysyi etta Helsingissa#[foc]#[kO] Pekka nukkui ,1,,2960,0,0,14,12,36,7,0,1,6,9,13,32,13,0,2,18,24,4,45,16,5,31,7,493,113,8,140,140
382,Jukka sanoi etta Helsingissa#[pA]#[hAn] Pekka nukkui ,1,,2900,0,0,21,11,29,8,0,1,7,10,13,34,12,0,2,18,22,3,48,14,6,30,7,483,171,12,232,140
383,Jukka kysyi etta Helsingissa#[kO]#[hAn] Pekka nukkui ,1,,2950,0,0,14,12,36,7,0,1,6,9,13,32,13,0,2,18,24,4,45,16,5,31,7,491,113,8,140,140
384,Jukka kysyi etta PEKKA#[kO]#[hAn] ihailee Merjaa ,1,,2995,0,0,13,12,34,10,0,5,5,13,17,24,13,0,0,23,23,4,37,17,5,36,6,499,77,7,62,125
385,Jukka sanoi etta PEKKA#[pA]#[hAn] ihailee Merjaa ,1,,2945,0,0,19,11,27,11,0,5,6,14,17,26,12,0,0,23,21,3,40,15,6,35,6,490,110,10,96,125
386,Jukka kysyi etta kuka#[kO]#[hAn] ihailee Merjaa ,1,,2875,0,0,13,12,34,10,0,5,5,13,17,24,13,0,0,22,23,4,37,17,5,35,6,479,77,7,62,125
387,Jukka kysyi etta Merjaa#[foc]#[kO]#[hAn] Merja ihailee ,1,,3120,0,0,15,12,32,7,0,1,6,9,13,34,13,0,2,23,24,4,49,16,6,36,6,520,110,9,140,125
388,Jukka sanoi etta Merjaa#[foc]#[pA]#[hAn] Pekka ihailee ,1,,3020,0,0,23,11,25,8,0,1,7,10,13,36,12,0,2,22,22,3,52,14,7,34,6,503,164,14,226,109
389,Jukka kysyi etta keta#[foc]#[kO]#[hAn] Merja ihailee ,1,,2880,0,0,15,12,32,7,0,1,6,9,13,34,13,0,2,19,24,4,49,16,6,32,6,480,110,9,140,125
390,Jukka kysyi etta Helsingissa#[foc]#[kO]#[hAn] Pekka nukkui ,1,,3080,0,0,14,12,36,7,0,1,6,9,13,32,13,0,2,19,24,4,45,16,5,32,7,513,113,8,140,140
391,Jukka sanoi etta Helsingissa#[foc]#[pA]#[hAn] Pekka nukkui ,1,,3030,0,0,21,11,29,8,0,1,7,10,13,34,12,0,2,19,22,3,48,14,6,31,7,505,171,12,232,140
392,Jukka sanoi etta se talo#[hAn] ihailee Merjaa ,1,,2835,0,0,29,11,24,13,0,5,8,16,19,36,12,0,0,19,31,3,54,17,7,31,6,405,199,16,247,140
393,Jukka sanoi etta se talo#[pA] ihailee Merjaa ,1,,2825,0,0,29,11,24,13,0,5,8,16,19,36,12,0,0,19,31,3,54,17,7,31,6,403,199,16,247,125
394,Jukka kysyi etta se talo#[kO] ihailee Merjaa ,1,,2860,0,0,18,12,33,11,0,5,6,15,19,33,13,0,0,19,32,4,50,19,6,32,6,408,140,10,156,140
395,Jukka sanoi etta se talo#[foc] ihailee Merjaa ,1,,2835,0,0,29,11,24,13,0,5,8,16,19,36,12,0,0,19,31,3,54,17,7,31,6,405,199,16,247,140
396,Jukka kysyi etta se talo#[kO]#[hAn] ihailee Merjaa ,1,,2980,0,0,18,12,33,11,0,5,6,15,19,33,13,0,0,20,32,4,50,19,6,33,6,425,140,10,156,140
397,Jukka sanoi etta se talo#[pA]#[hAn] ihailee Merjaa ,1,,2945,0,0,29,11,24,13,0,5,8,16,19,36,12,0,0,20,31,3,54,17,7,32,6,420,199,16,247,125
398,Jukka kysyi etta se talo#[foc]#[kO]#[hAn] ihailee Merjaa ,1,,3110,0,0,18,12,33,11,0,5,6,15,19,33,13,0,0,21,32,4,50,19,6,34,6,444,140,10,156,140
399,Jukka sanoi etta se talo#[foc]#[pA]#[hAn] ihailee Merjaa ,1,,3075,0,0,29,11,24,13,0,5,8,16,19,36,12,0,0,21,31,3,54,17,7,33,6,439,199,16,247,140
400,Jukka sanoi etta sita taloa#[hAn] Merja ihailee ,1,,2995,0,0,39,11,22,9,0,1,8,12,15,48,12,0,2,20,31,3,68,16,9,32,7,427,301,26,542,171
401,Jukka sanoi etta sita taloa#[pA] Merja ihailee ,1,,2985,0,0,39,11,22,9,0,1,8,12,15,48,12,0,2,20,31,3,68,16,9,32,7,426,301,26,542,140
402,Jukka kysyi etta sita taloa#[kO] Merja ihailee ,1,,3195,0,0,23,12,31,12,0,1,11,11,15,54,13,0,4,20,37,4,73,18,8,33,7,456,212,15,356,156
403,Jukka sanoi etta sita taloa#[foc] Merja ihailee ,1,,2995,0,0,39,11,22,9,0,1,8,12,15,48,12,0,2,20,31,3,68,16,9,32,7,427,301,26,542,140
404,Jukka kysyi etta sita taloa#[kO]#[hAn] Merja ihailee ,1,,3315,0,0,23,12,31,12,0,1,11,11,15,54,13,0,4,21,37,4,73,18,8,34,7,473,212,15,356,156
405,Jukka sanoi etta sita taloa#[pA]#[hAn] Merja ihailee ,1,,3105,0,0,39,11,22,9,0,1,8,12,15,48,12,0,2,21,31,3,68,16,9,33,7,443,301,26,542,140
406,Jukka kysyi etta sita taloa#[foc]#[kO]#[hAn] Merja ihailee ,1,,3445,0,0,23,12,31,12,0,1,11,11,15,54,13,0,4,22,37,4,73,18,8,35,7,492,212,15,356,156
407,Jukka sanoi etta sita taloa#[foc]#[pA]#[hAn] Merja ihailee ,1,,3235,0,0,39,11,22,9,0,1,8,12,15,48,12,0,2,22,31,3,68,16,9,34,7,462,301,26,542,140
408,Jukka sanoi etta se#[hAn] talo ihailee Merjaa ,1,,2815,0,0,29,11,24,13,0,5,8,16,19,36,12,0,0,19,31,3,54,17,7,31,6,402,199,16,247,140
409,Jukka sanoi etta se#[pA] talo ihailee Merjaa ,1,,2805,0,0,29,11,24,13,0,5,8,16,19,36,12,0,0,19,31,3,54,17,7,31,6,400,199,16,247,140
410,Jukka kysyi etta se#[kO] talo ihailee Merjaa ,1,,2840,0,0,18,12,33,11,0,5,6,15,19,33,13,0,0,19,32,4,50,19,6,32,6,405,140,10,156,125
411,Jukka sanoi etta se#[foc] talo ihailee Merjaa ,1,,2815,0,0,29,11,24,13,0,5,8,16,19,36,12,0,0,19,31,3,54,17,7,31,6,402,199,16,247,125
412,Jukka kysyi etta se#[kO]#[hAn] talo ihailee Merjaa ,1,,2960,0,0,18,12,33,11,0,5,6,15,19,33,13,0,0,20,32,4,50,19,6,33,6,422,140,10,156,140
413,Jukka sanoi etta se#[pA]#[hAn] talo ihailee Merjaa ,1,,2925,0,0,29,11,24,13,0,5,8,16,19,36,12,0,0,20,31,3,54,17,7,32,6,417,199,16,247,125
414,Jukka kysyi etta se#[foc]#[kO]#[hAn] talo ihailee Merjaa ,1,,3090,0,0,18,12,33,11,0,5,6,15,19,33,13,0,0,21,32,4,50,19,6,34,6,441,140,10,156,140
415,Jukka sanoi etta se#[foc]#[pA]#[hAn] talo ihailee Merjaa ,1,,3055,0,0,29,11,24,13,0,5,8,16,19,36,12,0,0,21,31,3,54,17,7,33,6,436,199,16,247,125
416,Jukka sanoi etta sita#[hAn] taloa Merja ihailee ,1,,2985,0,0,39,11,22,9,0,1,8,12,15,48,12,0,2,20,31,3,68,16,9,32,7,426,309,26,558,171
417,Jukka sanoi etta sita#[pA] taloa Merja ihailee ,1,,2975,0,0,39,11,22,9,0,1,8,12,15,48,12,0,2,20,31,3,68,16,9,32,7,425,309,26,558,140
418,Jukka kysyi etta sita#[kO] taloa Merja ihailee ,1,,3185,0,0,23,12,31,12,0,1,11,11,15,54,13,0,4,20,37,4,73,18,8,33,7,455,216,15,364,140
419,Jukka sanoi etta sita#[foc] taloa Merja ihailee ,1,,2985,0,0,39,11,22,9,0,1,8,12,15,48,12,0,2,20,31,3,68,16,9,32,7,426,309,26,558,125
420,Jukka kysyi etta sita#[kO]#[hAn] taloa Merja ihailee ,1,,3305,0,0,23,12,31,12,0,1,11,11,15,54,13,0,4,21,37,4,73,18,8,34,7,472,216,15,364,156
421,Jukka sanoi etta sita#[pA]#[hAn] taloa Merja ihailee ,1,,3095,0,0,39,11,22,9,0,1,8,12,15,48,12,0,2,21,31,3,68,16,9,33,7,442,309,26,558,140
422,Jukka kysyi etta sita#[foc]#[kO]#[hAn] taloa Merja ihailee ,1,,3435,0,0,23,12,31,12,0,1,11,11,15,54,13,0,4,22,37,4,73,18,8,35,7,490,216,15,364,156
423,Jukka sanoi etta sita#[foc]#[pA]#[hAn] taloa Merja ihailee ,1,,3225,0,0,39,11,22,9,0,1,8,12,15,48,12,0,2,22,31,3,68,16,9,34,7,460,309,26,558,140
424,Jukka kysyi etta keta ihailee Pekka ,1,,2590,0,0,17,12,46,16,0,9,7,19,24,30,13,0,0,15,15,5,47,13,6,28,5,431,188,11,178,140
425,Jukka kysyi etta kuka ihailee Merjaa ,1,,2650,0,0,13,12,34,10,0,5,5,13,17,24,13,0,0,20,23,4,37,17,5,33,5,441,77,7,62,109
426,Jukka kysyi etta kuka Merjaa halusi ihailla ,1,,3585,0,0,29,15,60,25,0,9,8,22,29,46,16,1,2,20,43,7,70,19,14,36,6,512,325,21,327,218
427,Jukka sanoi etta Pekka#[hAn] Merjaa ihailee ,1,,2775,0,0,23,11,25,8,0,1,7,10,14,36,12,0,2,20,22,4,52,14,7,32,6,462,162,14,226,109
428,Jukka sanoi etta Pekkahan Merjaa ihailee ,1,,2810,0,0,23,11,25,8,0,1,7,10,14,36,12,0,2,21,22,4,52,14,7,33,5,468,162,14,226,125
429,Jukka sanoi etta Merjaa#[hAn] ihailee Pekka ,1,,2885,0,0,25,11,37,17,0,9,8,20,24,32,12,0,0,20,13,4,50,11,7,32,6,480,257,16,258,156
430,Jukka sanoi etta Merjaahan ihailee Pekka ,1,,2860,0,0,25,11,37,17,0,9,8,20,24,32,12,0,0,20,13,4,50,11,7,32,5,476,257,16,258,140
431,Jukka sanoi etta Helsingissa#[hAn] nukkui Pekka ,1,,2855,0,0,25,11,33,17,0,9,8,21,25,30,12,0,0,17,12,4,46,11,6,29,7,475,214,16,219,156
432,Jukka sanoi etta Pekka#[pA] Merjaa ihailee ,1,,2765,0,0,23,11,25,8,0,1,7,10,14,36,12,0,2,20,22,4,52,14,7,32,6,460,162,14,226,109
433,Jukka sanoi etta Merjaa#[pA] ihailee Pekka ,1,,2875,0,0,25,11,37,17,0,9,8,20,24,32,12,0,0,20,13,4,50,11,7,32,6,479,257,16,258,140
434,Jukka sanoi etta Helsingissa#[pA] nukkui Pekka ,1,,2845,0,0,25,11,33,17,0,9,8,21,25,30,12,0,0,17,12,4,46,11,6,29,7,474,214,16,219,140
435,Jukka kysyi etta Pekka#[kO] Merjaa ihailee ,1,,2815,0,0,15,12,32,7,0,1,6,9,14,34,13,0,2,20,24,5,49,16,6,33,6,469,109,9,140,125
436,Jukka kysyi etta Merjaa#[kO] ihailee Pekka ,1,,2935,0,0,17,12,46,16,0,9,7,19,24,30,13,0,0,20,15,5,47,13,6,33,6,489,188,11,178,156
437,Jukka kysyi etta Helsingissa#[kO] nukkui Pekka ,1,,2905,0,0,17,12,42,16,0,9,7,20,25,28,13,0,0,17,14,5,43,13,5,30,7,484,160,11,151,171
438,Jukka sanoi etta Pekka#[foc] Merjaa ihailee ,1,,2775,0,0,23,11,25,8,0,1,7,10,14,36,12,0,2,20,22,4,52,14,7,32,6,462,162,14,226,125
439,Jukka sanoi etta PEKKA Merjaa ihailee ,1,,2780,0,0,23,11,25,8,0,1,7,10,14,36,12,0,2,21,22,4,52,14,7,33,5,463,162,14,226,109
440,Jukka sanoi etta Merjaa#[foc] ihailee Pekka ,1,,2885,0,0,25,11,37,17,0,9,8,20,24,32,12,0,0,20,13,4,50,11,7,32,6,480,257,16,258,156
441,Jukka sanoi etta Helsingissa#[foc] nukkui Pekka ,1,,2855,0,0,25,11,33,17,0,9,8,21,25,30,12,0,0,17,12,4,46,11,6,29,7,475,214,16,219,171
442,Jukka sanoi etta PEKKA#[hAn] Merjaa ihailee ,1,,2905,0,0,23,11,25,8,0,1,7,10,14,36,12,0,2,22,22,4,52,14,7,34,6,484,162,14,226,125
443,Jukka sanoi etta PEKKA#[pA] Merjaa ihailee ,1,,2895,0,0,23,11,25,8,0,1,7,10,14,36,12,0,2,22,22,4,52,14,7,34,6,482,162,14,226,125
444,Jukka kysyi etta PEKKA#[kO] Merjaa ihailee ,1,,2945,0,0,15,12,32,7,0,1,6,9,14,34,13,0,2,22,24,5,49,16,6,35,6,490,109,9,140,125
445,Jukka sanoi etta Pekka#[pA]#[hAn] Merjaa ihailee ,1,,2885,0,0,23,11,25,8,0,1,7,10,14,36,12,0,2,21,22,4,52,14,7,33,6,480,162,14,226,109
446,Jukka kysyi etta Pekka#[kO]#[hAn] Merjaa ihailee ,1,,2935,0,0,15,12,32,7,0,1,6,9,14,34,13,0,2,21,24,5,49,16,6,34,6,489,109,9,140,109
447,Jukka kysyi etta kuka#[hAn] Merjaa ihailee ,1,,2835,0,0,15,12,32,7,0,1,6,9,14,34,13,0,2,21,24,5,49,16,6,34,6,472,109,9,140,125
448,Jukka kysyi etta kuka#[pA] Merjaa ihailee ,1,,2825,0,0,15,12,32,7,0,1,6,9,14,34,13,0,2,21,24,5,49,16,6,34,6,470,109,9,140,140
449,Jukka kysyi etta kuka#[kO] Merjaa ihailee ,1,,2825,0,0,15,12,32,7,0,1,6,9,14,34,13,0,2,21,24,5,49,16,6,34,6,470,109,9,140,125
450,Jukka sanoi etta Merjaa#[foc]#[hAn] ihailee Pekka ,1,,3015,0,0,25,11,37,17,0,9,8,20,24,32,12,0,0,21,13,4,50,11,7,33,6,502,257,16,258,156
451,Jukka sanoi etta Merjaa#[foc]#[pA] ihailee Pekka ,1,,3005,0,0,25,11,37,17,0,9,8,20,24,32,12,0,0,21,13,4,50,11,7,33,6,500,257,16,258,140
452,Jukka kysyi etta Merjaa#[foc]#[kO] ihailee Pekka ,1,,3065,0,0,17,12,46,16,0,9,7,19,24,30,13,0,0,21,15,5,47,13,6,34,6,510,188,11,178,156
453,Jukka sanoi etta Merjaa#[foc]#[pA]#[hAn] ihailee Pekka ,1,,3125,0,0,25,11,37,17,0,9,8,20,24,32,12,0,0,22,13,4,50,11,7,34,6,520,257,16,258,156
454,Jukka kysyi etta Merjaa#[foc]#[kO]#[hAn] ihailee Pekka ,1,,3185,0,0,17,12,46,16,0,9,7,19,24,30,13,0,0,22,15,5,47,13,6,35,6,530,188,11,178,156
455,Jukka kysyi etta keta#[hAn] ihailee Pekka ,1,,2705,0,0,17,12,46,16,0,9,7,19,24,30,13,0,0,16,15,5,47,13,6,29,6,450,188,11,178,156
456,Jukka kysyi etta keta#[pA] ihailee Pekka ,1,,2695,0,0,17,12,46,16,0,9,7,19,24,30,13,0,0,16,15,5,47,13,6,29,6,449,188,11,178,156
457,Jukka kysyi etta keta#[kO] ihailee Pekka ,1,,2695,0,0,17,12,46,16,0,9,7,19,24,30,13,0,0,16,15,5,47,13,6,29,6,449,188,11,178,156
458,Jukka sanoi etta Helsingissa#[foc]#[hAn] nukkui Pekka ,1,,2985,0,0,25,11,33,17,0,9,8,21,25,30,12,0,0,18,12,4,46,11,6,30,7,497,214,16,219,140
459,Jukka sanoi etta Helsingissa#[foc]#[pA] nukkui Pekka ,1,,2975,0,0,25,11,33,17,0,9,8,21,25,30,12,0,0,18,12,4,46,11,6,30,7,495,214,16,219,171
460,Jukka kysyi etta Helsingissa#[foc]#[kO] nukkui Pekka ,1,,3035,0,0,17,12,42,16,0,9,7,20,25,28,13,0,0,18,14,5,43,13,5,31,7,505,160,11,151,171
461,Jukka kysyi etta Helsingissa#[kO]#[hAn] nukkui Pekka ,1,,3025,0,0,17,12,42,16,0,9,7,20,25,28,13,0,0,18,14,5,43,13,5,31,7,504,160,11,151,156
462,Jukka sanoi etta Helsingissa#[pA]#[hAn] nukkui Pekka ,1,,2965,0,0,25,11,33,17,0,9,8,21,25,30,12,0,0,18,12,4,46,11,6,30,7,494,214,16,219,171
463,Jukka kysyi etta PEKKA#[kO]#[hAn] Merjaa ihailee ,1,,3065,0,0,15,12,32,7,0,1,6,9,14,34,13,0,2,23,24,5,49,16,6,36,6,510,109,9,140,125
464,Jukka sanoi etta PEKKA#[pA]#[hAn] Merjaa ihailee ,1,,3015,0,0,23,11,25,8,0,1,7,10,14,36,12,0,2,23,22,4,52,14,7,35,6,502,162,14,226,125
465,Jukka kysyi etta kuka#[kO]#[hAn] Merjaa ihailee ,1,,2945,0,0,15,12,32,7,0,1,6,9,14,34,13,0,2,22,24,5,49,16,6,35,6,490,109,9,140,125
466,Jukka kysyi etta Merjaa#[foc]#[kO]#[hAn] ihailee Pekka ,1,,3185,0,0,17,12,46,16,0,9,7,19,24,30,13,0,0,22,15,5,47,13,6,35,6,530,188,11,178,156
467,Jukka sanoi etta Merjaa#[foc]#[pA]#[hAn] ihailee Pekka ,1,,3125,0,0,25,11,37,17,0,9,8,20,24,32,12,0,0,22,13,4,50,11,7,34,6,520,257,16,258,156
468,Jukka kysyi etta keta#[foc]#[kO]#[hAn] ihailee Pekka ,1,,2945,0,0,17,12,46,16,0,9,7,19,24,30,13,0,0,18,15,5,47,13,6,31,6,490,188,11,178,156
469,Jukka sanoi etta Helsingissa#[foc]#[pA]#[hAn] nukkui Pekka ,1,,3095,0,0,25,11,33,17,0,9,8,21,25,30,12,0,0,19,12,4,46,11,6,31,7,515,214,16,219,156
470,Jukka kysyi etta Helsingissa#[foc]#[kO]#[hAn] nukkui Pekka ,1,,3155,0,0,17,12,42,16,0,9,7,20,25,28,13,0,0,19,14,5,43,13,5,32,7,525,160,11,151,171
471,Jukka sanoi etta se talo#[hAn] Merjaa ihailee ,1,,2905,0,0,39,11,22,10,0,1,9,12,16,46,12,0,2,19,32,4,66,16,8,31,6,415,271,26,429,140
472,Jukka sanoi etta se talo#[pA] Merjaa ihailee ,1,,2895,0,0,39,11,22,10,0,1,9,12,16,46,12,0,2,19,32,4,66,16,8,31,6,413,271,26,429,125
473,Jukka kysyi etta se talo#[kO] Merjaa ihailee ,1,,2930,0,0,23,12,31,8,0,1,7,11,16,43,13,0,2,19,33,5,62,18,7,32,6,418,186,15,267,140
474,Jukka sanoi etta se talo#[foc] Merjaa ihailee ,1,,2905,0,0,39,11,22,10,0,1,9,12,16,46,12,0,2,19,32,4,66,16,8,31,6,415,271,26,429,125
475,Jukka kysyi etta se talo#[kO]#[hAn] Merjaa ihailee ,1,,3050,0,0,23,12,31,8,0,1,7,11,16,43,13,0,2,20,33,5,62,18,7,33,6,435,186,15,267,140
476,Jukka sanoi etta se talo#[pA]#[hAn] Merjaa ihailee ,1,,3015,0,0,39,11,22,10,0,1,9,12,16,46,12,0,2,20,32,4,66,16,8,32,6,430,271,26,429,140
477,Jukka kysyi etta se talo#[foc]#[kO]#[hAn] Merjaa ihailee ,1,,3180,0,0,23,12,31,8,0,1,7,11,16,43,13,0,2,21,33,5,62,18,7,34,6,454,186,15,267,156
478,Jukka sanoi etta se talo#[foc]#[pA]#[hAn] Merjaa ihailee ,1,,3145,0,0,39,11,22,10,0,1,9,12,16,46,12,0,2,21,32,4,66,16,8,33,6,449,271,26,429,140
479,Jukka sanoi etta sita taloa#[hAn] ihailee Pekka ,1,,4245,1,2,35,13,38,21,0,10,11,25,29,48,13,0,0,19,22,4,71,14,9,32,7,606,388,22,558,171
480,Jukka sanoi etta sita taloa#[pA] ihailee Pekka ,1,,4235,1,2,35,13,38,21,0,10,11,25,29,48,13,0,0,19,22,4,71,14,9,32,7,605,388,22,558,218
481,Jukka kysyi etta sita taloa#[kO] ihailee Pekka ,1,,4460,1,2,22,14,50,24,0,10,14,24,29,54,14,0,2,19,28,5,76,16,8,33,7,637,284,14,381,203
482,Jukka sanoi etta sita taloa#[foc] ihailee Pekka ,1,,4245,1,2,35,13,38,21,0,10,11,25,29,48,13,0,0,19,22,4,71,14,9,32,7,606,388,22,558,187
483,Jukka kysyi etta sita taloa#[kO]#[hAn] ihailee Pekka ,1,,4580,1,2,22,14,50,24,0,10,14,24,29,54,14,0,2,20,28,5,76,16,8,34,7,654,284,14,381,203
484,Jukka sanoi etta sita taloa#[pA]#[hAn] ihailee Pekka ,1,,4355,1,2,35,13,38,21,0,10,11,25,29,48,13,0,0,20,22,4,71,14,9,33,7,622,388,22,558,203
485,Jukka kysyi etta sita taloa#[foc]#[kO]#[hAn] ihailee Pekka ,1,,4710,1,2,22,14,50,24,0,10,14,24,29,54,14,0,2,21,28,5,76,16,8,35,7,672,284,14,381,265
486,Jukka sanoi etta sita taloa#[foc]#[pA]#[hAn] ihailee Pekka ,1,,4485,1,2,35,13,38,21,0,10,11,25,29,48,13,0,0,21,22,4,71,14,9,34,7,640,388,22,558,187
487,Jukka sanoi etta se#[hAn] talo Merjaa ihailee ,1,,2885,0,0,39,11,22,10,0,1,9,12,16,46,12,0,2,19,32,4,66,16,8,31,6,412,271,26,429,140
488,Jukka sanoi etta se#[pA] talo Merjaa ihailee ,1,,2875,0,0,39,11,22,10,0,1,9,12,16,46,12,0,2,19,32,4,66,16,8,31,6,410,271,26,429,140
489,Jukka kysyi etta se#[kO] talo Merjaa ihailee ,1,,2910,0,0,23,12,31,8,0,1,7,11,16,43,13,0,2,19,33,5,62,18,7,32,6,415,186,15,267,140
490,Jukka sanoi etta se#[foc] talo Merjaa ihailee ,1,,2885,0,0,39,11,22,10,0,1,9,12,16,46,12,0,2,19,32,4,66,16,8,31,6,412,271,26,429,140
491,Jukka kysyi etta se#[kO]#[hAn] talo Merjaa ihailee ,1,,3030,0,0,23,12,31,8,0,1,7,11,16,43,13,0,2,20,33,5,62,18,7,33,6,432,186,15,267,156
492,Jukka sanoi etta se#[pA]#[hAn] talo Merjaa ihailee ,1,,2995,0,0,39,11,22,10,0,1,9,12,16,46,12,0,2,20,32,4,66,16,8,32,6,427,271,26,429,140
493,Jukka kysyi etta se#[foc]#[kO]#[hAn] talo Merjaa ihailee ,1,,3160,0,0,23,12,31,8,0,1,7,11,16,43,13,0,2,21,33,5,62,18,7,34,6,451,186,15,267,156
494,Jukka sanoi etta se#[foc]#[pA]#[hAn] talo Merjaa ihailee ,1,,3125,0,0,39,11,22,10,0,1,9,12,16,46,12,0,2,21,32,4,66,16,8,33,6,446,271,26,429,140
495,Jukka sanoi etta sita#[hAn] taloa ihailee Pekka ,1,,4235,1,2,35,13,38,21,0,10,11,25,29,48,13,0,0,19,22,4,71,14,9,32,7,605,394,22,572,187
496,Jukka sanoi etta sita#[pA] taloa ihailee Pekka ,1,,4225,1,2,35,13,38,21,0,10,11,25,29,48,13,0,0,19,22,4,71,14,9,32,7,603,394,22,572,187
497,Jukka kysyi etta sita#[kO] taloa ihailee Pekka ,1,,4450,1,2,22,14,50,24,0,10,14,24,29,54,14,0,2,19,28,5,76,16,8,33,7,635,287,14,388,203
498,Jukka sanoi etta sita#[foc] taloa ihailee Pekka ,1,,4235,1,2,35,13,38,21,0,10,11,25,29,48,13,0,0,19,22,4,71,14,9,32,7,605,394,22,572,187
499,Jukka kysyi etta sita#[kO]#[hAn] taloa ihailee Pekka ,1,,4570,1,2,22,14,50,24,0,10,14,24,29,54,14,0,2,20,28,5,76,16,8,34,7,652,287,14,388,250
500,Jukka sanoi etta sita#[pA]#[hAn] taloa ihailee Pekka ,1,,4345,1,2,35,13,38,21,0,10,11,25,29,48,13,0,0,20,22,4,71,14,9,33,7,620,394,22,572,187
501,Jukka kysyi etta sita#[foc]#[kO]#[hAn] taloa ihailee Pekka ,1,,4700,1,2,22,14,50,24,0,10,14,24,29,54,14,0,2,21,28,5,76,16,8,35,7,671,287,14,388,218
502,Jukka sanoi etta sita#[foc]#[pA]#[hAn] taloa ihailee Pekka ,1,,4475,1,2,35,13,38,21,0,10,11,25,29,48,13,0,0,21,22,4,71,14,9,34,7,639,394,22,572,187
503,istuu#C/op Pekka ,1,,950,0,0,5,4,3,1,0,0,1,2,3,3,5,0,0,9,1,1,4,3,2,14,3,475,10,3,8,15
504,istuu#[foc] Pekka ,1,,970,0,0,5,4,3,1,0,0,1,2,3,3,5,0,0,9,1,1,4,3,2,14,3,485,10,3,8,15
505,istuu#[hAn] Pekka ,1,,970,0,0,5,4,3,1,0,0,1,2,3,3,5,0,0,9,1,1,4,3,2,14,3,485,10,3,8,15
506,istuu#[kO] Pekka ,1,,950,0,0,5,4,3,1,0,0,1,2,3,3,5,0,0,9,1,1,4,3,2,14,3,475,10,3,8,15
507,istuu#[pA] Pekka ,1,,950,0,0,5,4,3,1,0,0,1,2,3,3,5,0,0,9,1,1,4,3,2,14,3,475,10,3,8,31
508,istuu#[kO]#[hAn] Pekka ,1,,1140,0,0,5,4,3,1,0,0,1,2,3,3,5,0,0,11,1,1,4,3,2,16,3,570,10,3,8,15
509,istuu#[pA]#[hAn] Pekka ,1,,1140,0,0,5,4,3,1,0,0,1,2,3,3,5,0,0,11,1,1,4,3,2,16,3,570,10,3,8,15
510,istuu#[foc]#[kO]#[hAn] Pekka ,1,,1340,0,0,5,4,3,1,0,0,1,2,3,3,5,0,0,13,1,1,4,3,2,18,3,670,10,3,8,15
511,istuu#[foc]#[pA]#[hAn] Pekka ,1,,1340,0,0,5,4,3,1,0,0,1,2,3,3,5,0,0,13,1,1,4,3,2,18,3,670,10,3,8,15
512,ihailee#C/op Pekka Merjaa ,1,,1585,0,0,8,7,10,2,0,0,2,4,6,6,8,0,0,15,3,2,9,6,2,23,4,528,24,5,17,31
513,ihailee#[foc] Pekka Merjaa ,1,,1605,0,0,8,7,10,2,0,0,2,4,6,6,8,0,0,15,3,2,9,6,2,23,4,535,24,5,17,46
514,ihailee#[hAn] Pekka Merjaa ,1,,1605,0,0,8,7,10,2,0,0,2,4,6,6,8,0,0,15,3,2,9,6,2,23,4,535,24,5,17,31
515,ihailee#[kO] Pekka Merjaa ,1,,1585,0,0,8,7,10,2,0,0,2,4,6,6,8,0,0,15,3,2,9,6,2,23,4,528,24,5,17,31
516,ihailee#[pA] Pekka Merjaa ,1,,1585,0,0,8,7,10,2,0,0,2,4,6,6,8,0,0,15,3,2,9,6,2,23,4,528,24,5,17,46
517,ihailee#[kO]#[hAn] Pekka Merjaa ,1,,1775,0,0,8,7,10,2,0,0,2,4,6,6,8,0,0,17,3,2,9,6,2,25,4,591,24,5,17,31
518,ihailee#[pA]#[hAn] Pekka Merjaa ,1,,1775,0,0,8,7,10,2,0,0,2,4,6,6,8,0,0,17,3,2,9,6,2,25,4,591,24,5,17,31
519,ihailee#[foc]#[kO]#[hAn] Pekka Merjaa ,1,,1975,0,0,8,7,10,2,0,0,2,4,6,6,8,0,0,19,3,2,9,6,2,27,4,658,24,5,17,46
520,ihailee#[foc]#[pA]#[hAn] Pekka Merjaa ,1,,1975,0,0,8,7,10,2,0,0,2,4,6,6,8,0,0,19,3,2,9,6,2,27,4,658,24,5,17,46
521,antoi#C/op Pekka avaimen Merjalle ,1,,2000,0,0,15,10,23,5,0,0,5,8,11,16,11,0,2,14,7,3,24,8,6,25,5,500,95,11,101,78
522,antoi#[foc] Pekka avaimen Merjalle ,1,,2020,0,0,15,10,23,5,0,0,5,8,11,16,11,0,2,14,7,3,24,8,6,25,5,505,95,11,101,78
523,antoi#[hAn] Pekka avaimen Merjalle ,1,,2020,0,0,15,10,23,5,0,0,5,8,11,16,11,0,2,14,7,3,24,8,6,25,5,505,95,11,101,78
524,antoi#[kO] Pekka avaimen Merjalle ,1,,2000,0,0,15,10,23,5,0,0,5,8,11,16,11,0,2,14,7,3,24,8,6,25,5,500,95,11,101,78
525,antoi#[pA] Pekka avaimen Merjalle ,1,,2000,0,0,15,10,23,5,0,0,5,8,11,16,11,0,2,14,7,3,24,8,6,25,5,500,95,11,101,78
526,antoi#[kO]#[hAn] Pekka avaimen Merjalle ,1,,2190,0,0,15,10,23,5,0,0,5,8,11,16,11,0,2,16,7,3,24,8,6,27,5,547,95,11,101,78
527,antoi#[pA]#[hAn] Pekka avaimen Merjalle ,1,,2190,0,0,15,10,23,5,0,0,5,8,11,16,11,0,2,16,7,3,24,8,6,27,5,547,95,11,101,78
528,antoi#[foc]#[kO]#[hAn] Pekka avaimen Merjalle ,1,,2390,0,0,15,10,23,5,0,0,5,8,11,16,11,0,2,18,7,3,24,8,6,29,5,597,95,11,101,78
529,antoi#[foc]#[pA]#[hAn] Pekka avaimen Merjalle ,1,,2390,0,0,15,10,23,5,0,0,5,8,11,16,11,0,2,18,7,3,24,8,6,29,5,597,95,11,101,78
530,ei#C/op Pekka ihaile Merjaa ,1,,1645,0,0,9,8,13,1,0,0,1,9,11,9,9,0,1,15,8,2,14,8,4,24,5,411,34,5,10,46
531,ei#[foc] Pekka ihaile Merjaa ,1,,1665,0,0,9,8,13,1,0,0,1,9,11,9,9,0,1,15,8,2,14,8,4,24,5,416,34,5,10,62
532,ei#[hAn] Pekka ihaile Merjaa ,1,,1665,0,0,9,8,13,1,0,0,1,9,11,9,9,0,1,15,8,2,14,8,4,24,5,416,34,5,10,46
533,ei#[kO] Pekka ihaile Merjaa ,1,,1645,0,0,9,8,13,1,0,0,1,9,11,9,9,0,1,15,8,2,14,8,4,24,5,411,34,5,10,62
534,ei#[pA] Pekka ihaile Merjaa ,1,,1645,0,0,9,8,13,1,0,0,1,9,11,9,9,0,1,15,8,2,14,8,4,24,5,411,34,5,10,46
535,ei#[kO]#[hAn] Pekka ihaile Merjaa ,1,,1835,0,0,9,8,13,1,0,0,1,9,11,9,9,0,1,17,8,2,14,8,4,26,5,458,34,5,10,62
536,ei#[pA]#[hAn] Pekka ihaile Merjaa ,1,,1835,0,0,9,8,13,1,0,0,1,9,11,9,9,0,1,17,8,2,14,8,4,26,5,458,34,5,10,62
537,ei#[foc]#[kO]#[hAn] Pekka ihaile Merjaa ,1,,2035,0,0,9,8,13,1,0,0,1,9,11,9,9,0,1,19,8,2,14,8,4,28,5,508,34,5,10,78
538,ei#[foc]#[pA]#[hAn] Pekka ihaile Merjaa ,1,,2035,0,0,9,8,13,1,0,0,1,9,11,9,9,0,1,19,8,2,14,8,4,28,5,508,34,5,10,46
539,ihaile#C/op Pekka ei Merjaa ,1,,1640,0,0,9,8,11,0,0,0,0,8,10,8,9,0,1,15,8,2,13,8,2,24,5,410,33,5,8,46
540,ihailla#C/op Pekka haluaa Merjaa ,1,,1955,0,0,11,10,17,3,0,0,3,6,10,10,11,2,0,15,8,4,15,10,4,26,5,488,40,7,24,62
541,ihailla#[foc] Pekka haluaa Merjaa ,1,,1975,0,0,11,10,17,3,0,0,3,6,10,10,11,2,0,15,8,4,15,10,4,26,5,493,40,7,24,62
542,ihailla#[hAn] Pekka haluaa Merjaa ,1,,1975,0,0,11,10,17,3,0,0,3,6,10,10,11,2,0,15,8,4,15,10,4,26,5,493,40,7,24,62
543,ihailla#[pA] Pekka haluaa Merjaa ,1,,1955,0,0,11,10,17,3,0,0,3,6,10,10,11,2,0,15,8,4,15,10,4,26,5,488,40,7,24,62
544,ihailla#[kO]#[hAn] Pekka haluaa Merjaa ,1,,2145,0,0,11,10,17,3,0,0,3,6,10,10,11,2,0,17,8,4,15,10,4,28,5,536,40,7,24,62
545,ihailla#[pA]#[hAn] Pekka haluaa Merjaa ,1,,2145,0,0,11,10,17,3,0,0,3,6,10,10,11,2,0,17,8,4,15,10,4,28,5,536,40,7,24,62
546,ihailla#[foc]#[kO]#[hAn] Pekka haluaa Merjaa ,1,,2345,0,0,11,10,17,3,0,0,3,6,10,10,11,2,0,19,8,4,15,10,4,30,5,586,40,7,24,62
547,ihailla#[foc]#[pA]#[hAn] Pekka haluaa Merjaa ,1,,2345,0,0,11,10,17,3,0,0,3,6,10,10,11,2,0,19,8,4,15,10,4,30,5,586,40,7,24,62
548,keta Pekka ihailee ,1,,1070,0,0,9,6,8,2,0,1,1,1,3,8,7,0,2,8,4,2,13,4,3,15,3,356,26,6,18,31
549,kuka ihailee Merjaa ,1,,1250,0,0,7,6,7,2,0,2,0,2,4,4,7,0,0,13,3,2,7,5,3,20,3,416,14,4,5,31
550,Pekka ihailee keta ,1,,1030,0,0,7,6,7,2,0,0,2,2,4,6,7,0,0,8,3,2,9,5,3,15,3,343,18,4,17,31
551,Pekka ihailee Merjaa#[foc] ,1,,1385,0,0,7,6,7,2,0,0,2,2,4,6,7,0,0,13,3,2,9,5,3,20,4,461,18,4,17,31
552,Pekka#[foc] ihailee Merjaa ,1,,1355,0,0,7,6,7,2,0,2,0,2,4,4,7,0,0,13,3,2,7,5,3,20,4,451,14,4,5,31
553,Pekka haluaa ihailla Merjaa#[foc] ,1,,1760,0,0,10,9,17,3,0,0,3,4,8,10,10,3,0,13,7,4,14,9,4,23,5,440,33,6,24,62
554,Merjaa haluaa ihailla Pekka#[foc] ,1,,1805,0,0,11,9,21,4,0,0,4,5,10,12,10,4,0,13,5,5,17,8,4,23,5,451,77,7,89,78
555,Jukka sanoi etta Pekka ihailee keta ,1,,2410,0,0,19,11,27,11,0,0,11,14,17,31,12,0,0,15,21,3,45,15,6,27,5,401,128,10,150,125
556,Jukka sanoi etta Pekka ihailee Merjaa#[foc] ,1,,2765,0,0,19,11,27,11,0,0,11,14,17,31,12,0,0,20,21,3,45,15,6,32,6,460,128,10,150,125
557,Jukka sanoi etta Pekka ihailee sita#[foc] taloa ,1,,3070,0,0,19,11,38,16,0,0,16,21,24,42,12,0,0,19,32,3,61,19,8,31,7,438,182,8,219,156
558,Jukka sanoi etta Pekka ihailee sita taloa#[foc] ,1,,3080,0,0,19,11,38,16,0,0,16,21,24,42,12,0,0,19,32,3,61,19,8,31,7,440,182,8,219,171
559,Jukka sanoi etta Pekka ihailee Merjaa#[hAn] ,1,,
560,Jukka sanoi etta Pekka ihailee Merjaa#[pA] ,1,,
561,Jukka sanoi etta Pekka ihailee Merjaa#[kO] ,1,,
562,Jukka sanoi etta Pekka ihailee Merjaa#[kO]#[hAn] ,1,,
563,Jukka sanoi etta Pekka ihailee Merjaa#[pA]#[hAn] ,1,,
564,Jukka sanoi etta Pekka ihailee Merjaa#[foc]#[kO]#[hAn] ,1,,
565,Jukka sanoi etta Pekka ihailee Merjaa#[foc]#[pA]#[hAn] ,1,,
566,Jukka sanoi etta Pekka ihailee sita taloa#[hAn] ,1,,
567,Jukka sanoi etta Pekka ihailee sita taloa#[pA] ,1,,
568,Jukka sanoi etta Pekka ihailee sita taloa#[kO] ,1,,
569,Jukka sanoi etta Pekka ihailee sita taloa#[kO]#[hAn] ,1,,
570,Jukka sanoi etta Pekka ihailee sita taloa#[pA]#[hAn] ,1,,
571,Jukka sanoi etta Pekka ihailee sita taloa#[foc]#[kO]#[hAn] ,1,,
572,Jukka sanoi etta Pekka ihailee sita taloa#[foc]#[pA]#[hAn] ,1,,
573,Jukka sanoi etta Pekka ihailee sita#[hAn] taloa ,1,,
574,Jukka sanoi etta Pekka ihailee sita#[pA] taloa ,1,,
575,Jukka sanoi etta Pekka ihailee sita#[kO] taloa ,1,,
576,Jukka sanoi etta Pekka ihailee sita#[kO]#[hAn] taloa ,1,,
577,Jukka sanoi etta Pekka ihailee sita#[pA]#[hAn] taloa ,1,,
578,Jukka sanoi etta Pekka ihailee sita#[foc]#[kO]#[hAn] taloa ,1,,
579,Jukka sanoi etta Pekka ihailee sita#[foc]#[pA]#[hAn] taloa ,1,,
580,Pekka ihaile sita taloa ,1,,1260,0,0,7,6,10,3,0,0,3,4,6,10,7,0,0,10,8,2,15,6,5,17,4,315,27,3,28,46
581,Pekka teki sopimuksen ihailla Merjaa ,1,,2205,0,0,12,11,30,4,0,0,4,6,11,15,12,4,0,16,15,5,23,13,6,28,5,441,52,7,37,78
582,sita Pekka ihaili taloa ,1,,
583,taloa Pekka ihaili sita ,1,,
584,Merjaa Pekka teki sopimuksen ihailla ,1,,2345,0,0,27,11,27,9,0,0,9,7,12,24,12,1,2,16,15,5,36,11,7,28,5,469,208,18,284,109
585,Merjan_gen Pekka naki avaimen_acc lahtiessa ,1,,
586,se Merjaa talo ihaili ,1,,
587,talo Merjaa se ihaili ,1,,
588,Merjaa se sopimus ihailla peruuntui ,1,,1890,0,0,15,8,13,4,0,0,4,1,5,18,9,5,1,14,9,4,26,8,4,23,5,378,90,8,124,62
589,Merjaa Jukka sanoi etta Pekka ihailee ,1,,
590,Pekka Jukka sanoi etta Merjaa ihailee ,1,,
591,sita#[hAn] Pekka ihaili taloa ,1,,
592,taloa#[hAn] Pekka ihaili sita ,1,,
593,se#[hAn] Merjaa talo ihaili ,1,,
594,talo#[hAn] Merjaa se ihaili ,1,,
595,Merjaa#[hAn] se sopimus ihailla peruuntui ,1,,
596,Merjaa#[foc] sanoi etta Pekka ihailee Jukka ,1,,3975,1,2,20,13,34,13,0,4,9,20,24,32,13,0,0,20,25,4,48,15,6,33,6,662,150,11,157,187
597,Pekka haluaa ihailla#C/op Merjaa ,1,,
598,Pekka haluaa ihailla#[hAn] Merjaa ,1,,
599,Pekka haluaa ihailla#[pA] Merjaa ,1,,
600,Pekka haluaa ihailla#[kO] Merjaa ,1,,
601,Pekka haluaa ihailla#[kO]#[hAn] Merjaa ,1,,
602,Pekka haluaa ihailla#[pA]#[hAn] Merjaa ,1,,
603,Pekka haluaa ihailla#[foc]#[kO]#[hAn] Merjaa ,1,,
604,Pekka haluaa ihailla#[foc]#[pA]#[hAn] Merjaa ,1,,
605,Pekka ihailee Merjaa#[hAn] ,1,,
606,Pekka ihailee Merjaa#[pA] ,1,,
607,Pekka ihailee Merjaa#[kO] ,1,,
608,Pekka ihailee Merjaa#[kO]#[hAn] ,1,,
609,Pekka ihailee Merjaa#[pA]#[hAn] ,1,,
610,Pekka ihailee Merjaa#[foc]#[pA]#[hAn] ,1,,
611,Pekka ihailee Merjaa#[foc]#[kO]#[hAn] ,1,,
612,Pekka ihailee keta#[hAn] ,1,,
613,Pekka ihailee keta#[pA] ,1,,
614,Pekka ihailee keta#[kO] ,1,,
615,Pekka ihailee keta#[kO]#[hAn] ,1,,
616,Pekka ihailee keta#[pA]#[hAn] ,1,,
617,Pekka ihailee keta#[foc]#[pA]#[hAn] ,1,,
618,Pekka ihailee keta#[foc]#[kO]#[hAn] ,1,,
619,Pekka ihailee sita#[hAn] taloa ,1,,
620,Pekka ihailee sita taloa#[hAn] ,1,,
621,Pekka ihailee sita#[hAn] taloa#[hAn] ,1,,
622,Pekka ihailee sita#[pA] taloa ,1,,
623,Pekka ihailee sita taloa#[pA] ,1,,
624,Pekka ihailee sita#[pA] taloa#[pA] ,1,,
625,Pekka ihailee sita#[kO] taloa ,1,,
626,Pekka ihailee sita taloa#[kO] ,1,,
627,Pekka ihailee sita#[kO] taloa#[kO] ,1,,
628,Pekka ihailee sita#[kO]#[hAn] taloa ,1,,
629,Pekka ihailee sita taloa#[kO]#[hAn] ,1,,
630,Pekka ihailee sita#[kO]#[hAn] taloa#[kO]#[hAn] ,1,,
631,Pekka ihailee sita#[pA]#[hAn] taloa ,1,,
632,Pekka ihailee sita taloa#[pA]#[hAn] ,1,,
633,Pekka ihailee sita#[pA]#[hAn] taloa#[pA]#[hAn] ,1,,
634,Pekka ihailee sita#[foc]#[pA]#[hAn] taloa ,1,,
635,Pekka ihailee sita taloa#[foc]#[pA]#[hAn] ,1,,
636,Pekka ihailee sita#[foc]#[pA]#[hAn] taloa#[foc]#[pA]#[hAn] ,1,,
637,Pekka ihailee sita#[foc]#[kO]#[hAn] taloa ,1,,
638,Pekka ihailee sita taloa#[foc]#[kO]#[hAn] ,1,,
639,Pekka ihailee sita#[foc]#[kO]#[hAn] taloa#[foc]#[kO]#[hAn] ,1,,
640,Pekka ihailee Merjaa#[foc] ,1,,1385,0,0,7,6,7,2,0,0,2,2,4,6,7,0,0,13,3,2,9,5,3,20,4,461,18,4,17,31
641,Pekka ihailee keta ,1,,1030,0,0,7,6,7,2,0,0,2,2,4,6,7,0,0,8,3,2,9,5,3,15,3,343,18,4,17,31
642,Pekka ihailee sita#[foc] taloa ,1,,1455,0,0,7,6,10,3,0,0,3,4,6,10,7,0,0,12,8,2,15,6,5,19,5,363,27,3,28,46
643,Pekka ihailee sita taloa#[foc] ,1,,1465,0,0,7,6,10,3,0,0,3,4,6,10,7,0,0,12,8,2,15,6,5,19,5,366,27,3,28,46
644,sita#[hAn] taloa#[pA] Pekka ihailee ,1,,
645,sita#[hAn] taloa#[kO] Pekka ihailee ,1,,
646,sita#[pA] taloa#[hAn] Pekka ihailee ,1,,
647,sita#[pA] taloa#[kO] Pekka ihailee ,1,,
648,sita#[kO] taloa#[pA] Pekka ihailee ,1,,
649,sita#[kO] taloa#[hAn] Pekka ihailee ,1,,
650,sita#[kO]#[hAn] taloa#[pA] Pekka ihailee ,1,,
651,sita#[kO]#[hAn] taloa#[kO] Pekka ihailee ,1,,5585,3,6,17,17,20,4,0,2,2,4,6,24,15,0,3,15,12,2,34,10,8,30,7,1396,53,12,52,109
652,sita#[pA]#[hAn] taloa#[hAn] Pekka ihailee ,1,,5595,3,6,17,17,20,4,0,2,2,4,6,24,15,0,3,15,12,2,34,10,8,30,7,1398,53,12,52,93
653,sita#[pA]#[hAn] taloa#[kO] Pekka ihailee ,1,,
654,sita#[kO] taloa#[pA]#[hAn] Pekka ihailee ,1,,
655,sita#[kO] taloa#[kO]#[hAn] Pekka ihailee ,1,,
656,sita#[kO] taloa#[foc]#[hAn] Pekka ihailee ,1,,
657,sita#[pA] taloa#[hAn]#[hAn] Pekka ihailee ,1,,
658,sita#[pA] taloa#[foc]#[hAn] Pekka ihailee ,1,,
659,sita#[pA] taloa#[kO]#[hAn] Pekka ihailee ,1,,
660,sita#[hAn] taloa#[foc] Pekka ihailee ,1,,5485,3,6,17,17,20,4,0,2,2,4,6,24,15,0,3,14,12,2,34,10,8,29,7,1371,53,12,52,93
661,sita#[pA] taloa#[foc] Pekka ihailee ,1,,5475,3,6,17,17,20,4,0,2,2,4,6,24,15,0,3,14,12,2,34,10,8,29,7,1368,53,12,52,93
662,sita#[kO] taloa#[foc] Pekka ihailee ,1,,5475,3,6,17,17,20,4,0,2,2,4,6,24,15,0,3,14,12,2,34,10,8,29,7,1368,53,12,52,125
663,sita#[kO]#[hAn] taloa#[foc] Pekka ihailee ,1,,5595,3,6,17,17,20,4,0,2,2,4,6,24,15,0,3,15,12,2,34,10,8,30,7,1398,53,12,52,93
664,sita#[pA]#[hAn] taloa#[foc] Pekka ihailee ,1,,5595,3,6,17,17,20,4,0,2,2,4,6,24,15,0,3,15,12,2,34,10,8,30,7,1398,53,12,52,93
665,sita#[hAn] taloa#[hAn] Pekka ihailee ,1,,5485,3,6,17,17,20,4,0,2,2,4,6,24,15,0,3,14,12,2,34,10,8,29,7,1371,53,12,52,93
666,sita#[kO] taloa#[kO] Pekka ihailee ,1,,5465,3,6,17,17,20,4,0,2,2,4,6,24,15,0,3,14,12,2,34,10,8,29,7,1366,53,12,52,93
667,sita#[hAn]#[hAn] taloa#[hAn]#[hAn] Pekka ihailee ,1,,5745,3,6,17,17,20,4,0,2,2,4,6,24,15,0,3,16,12,2,34,10,8,31,7,1436,53,12,52,93
668,C/op#ihailee Pekka Merjaa ,1,,
669,[foc]#ihailee Pekka Merjaa ,1,,
670,[hAn]#ihailee Pekka Merjaa ,1,,
671,[kO]#ihailee Pekka Merjaa ,1,,
672,[pA]#ihailee Pekka Merjaa ,1,,
673,[kO]#[hAn]#ihailee Pekka Merjaa ,1,,
674,[pA]#[hAn]#ihailee Pekka Merjaa ,1,,
675,[foc]#[kO]#[hAn]#ihailee Pekka Merjaa ,1,,
676,[foc]#[pA]#[hAn]#ihailee Pekka Merjaa ,1,,
677,[foc]#ei Pekka ihaile Merjaa ,1,,
678,Pekka C/op#ihailee Merjaa ,1,,
679,Pekka [foc]#ihailee Merjaa ,1,,
680,Pekka [hAn]#ihailee Merjaa ,1,,
681,Pekka [kO]#ihailee Merjaa ,1,,
682,Pekka [pA]#ihailee Merjaa ,1,,
683,Pekka [kO]#[hAn]#ihailee Merjaa ,1,,
684,Pekka [pA]#[hAn]#ihailee Merjaa ,1,,
685,Pekka [foc]#[kO]#[hAn]#ihailee Merjaa ,1,,
686,Pekka [foc]#[pA]#[hAn]#ihailee Merjaa ,1,,
687,Pekka [foc]#ei ihaile Merjaa ,1,,
688,Pekka haluaa#[hAn] ihailla Merjaa ,1,,
689,Pekka haluaa#[kO] ihailla Merjaa ,1,,
690,Pekka haluaa#[pA] ihailla Merjaa ,1,,
691,Pekka haluaa#[pA]#[hAn] ihaillla Merjaa ,1,,
692,Pekka haluaa#[kO]#[hAn] ihaillla Merjaa ,1,,
693,Pekka haluaa#[foc]#[kO]#[hAn] ihailla Merjaa ,1,,
694,Pekka haluaa#[foc]#[pA]#[hAn] ihailla Merjaa ,1,,
695,Pekka haluaa ihailla#[hAn] Merjaa ,1,,
696,Pekka haluaa ihailla#[kO] Merjaa ,1,,
697,Pekka haluaa ihailla#[pA] Merjaa ,1,,
698,Pekka haluaa ihaillla#[pA]#[hAn] Merjaa ,1,,
699,Pekka haluaa ihaillla#[kO]#[hAn] Merjaa ,1,,
700,Pekka haluaa ihailla#[foc]#[kO]#[hAn] Merjaa ,1,,
701,Pekka haluaa ihailla#[foc]#[pA]#[hAn] Merjaa ,1,,
702,Pekka teki sopimuksen ihailla#[hAn] Merjaa ,1,,
703,Pekka teki sopimuksen ihailla#[kO] Merjaa ,1,,
704,Pekka teki sopimuksen ihailla#[pA] Merjaa ,1,,
705,Pekka teki sopimuksen ihailla#[pA]#[hAn] Merjaa ,1,,
706,Pekka teki sopimuksen ihailla#[kO]#[hAn] Merjaa ,1,,
707,Pekka teki sopimuksen ihailla#[foc]#[kO]#[hAn] Merjaa ,1,,
708,Pekka teki sopimuksen ihailla#[foc]#[pA]#[hAn] Merjaa ,1,,
709,Pekka halusi heidan lahtevan#[hAn] ,1,,
710,Pekka halusi heidan lahtevan#[kO] ,1,,
711,Pekka halusi heidan lahtevan#[pA] ,1,,
712,Pekka halusi heidan lahtevan#[pA]#[hAn] ,1,,
713,Pekka halusi heidan lahtevan#[kO]#[hAn] ,1,,
714,Pekka halusi heidan lahtevan#[foc]#[kO]#[hAn] ,1,,
715,Pekka halusi heidan lahtevan#[foc]#[pA]#[hAn] ,1,,
716,Pekka ei#[hAn] ihaile Merjaa ,1,,
717,Pekka ei#[kO] ihaile Merjaa ,1,,
718,Pekka ei#[pA] ihaile Merjaa ,1,,
719,Pekka ei#[pA]#[hAn] ihaile Merjaa ,1,,
720,Pekka ei#[kO]#[hAn] ihaile Merjaa ,1,,
721,Pekka ei#[foc]#[kO]#[hAn] ihaile Merjaa ,1,,
722,Pekka ei#[foc]#[pA]#[hAn] ihaile Merjaa ,1,,
723,Pekka teki sopimuksen#[hAn] ihailla Merjaa ,1,,
724,Pekka teki sopimuksen#[kO] ihailla Merjaa ,1,,
725,Pekka teki sopimuksen#[pA] ihailla Merjaa ,1,,
726,Pekka teki sopimuksen#[pA]#[hAn] ihailla Merjaa ,1,,
727,Pekka teki sopimuksen#[kO]#[hAn] ihailla Merjaa ,1,,
728,Pekka teki sopimuksen#[foc]#[kO]#[hAn] ihailla Merjaa ,1,,
729,Pekka teki sopimuksen#[foc]#[pA]#[hAn] ihailla Merjaa ,1,,
730,Jukka sanoi etta#[hAn] Pekka ihailee Merjaa ,1,,
731,Jukka sanoi etta#[kO] Pekka ihailee Merjaa ,1,,
732,Jukka sanoi etta#[pA] Pekka ihailee Merjaa ,1,,
733,Jukka sanoi etta#[pA]#[hAn] Pekka ihailee Merjaa ,1,,
734,Jukka sanoi etta#[kO]#[hAn] Pekka ihailee Merjaa ,1,,
735,Jukka sanoi etta#[foc]#[kO]#[hAn] Pekka ihailee Merjaa ,1,,
736,Jukka sanoi etta#[foc]#[pA]#[hAn] Pekka ihailee Merjaa ,1,,
737,Pekka haluaa ihailla#[foc] Merjaa ,1,,
738,Merjaa kuka ihailee ,1,,
739,Merjaa Pekka#[hAn] ihailee ,1,,
740,Merjaa Pekka#[kO] ihailee ,1,,
741,Merjaa Pekka#[hAn] ihailee ,1,,
742,Merjaa Pekka#[pA] ihailee ,1,,
743,Merjaa Pekka#[kO]#[hAn] ihailee ,1,,
744,Merjaa Pekka#[pA]#[hAn] ihailee ,1,,
745,Merjaa Pekka#[foc]#[kO]#[hAn] ihailee ,1,,
746,Merjaa Pekka#[foc]#[pA]#[hAn] ihailee ,1,,
747,Merjaa kuka#[hAn] ihailee ,1,,
748,Merjaa kuka ihailee ,1,,
749,Merjaa kuka#[hAn] ihailee ,1,,
750,Merjaa kuka#[pA] ihailee ,1,,
751,Merjaa kuka#[kO]#[hAn] ihailee ,1,,
752,Merjaa kuka#[pA]#[hAn] ihailee ,1,,
753,Merjaa kuka#[foc]#[kO]#[hAn] ihailee ,1,,
754,Merjaa kuka#[foc]#[pA]#[hAn] ihailee ,1,,
755,Pekka keta ihailee ,1,,
756,Pekka keta#[hAn] ihailee ,1,,
757,Pekka keta#[kO] ihailee ,1,,
758,Pekka keta#[pA] ihailee ,1,,
759,Pekka keta#[kO]#[hAn] ihailee ,1,,
760,Pekka keta#[pA]#[hAn] ihailee ,1,,
761,Pekka keta#[foc]#[kO]#[hAn] ihailee ,1,,
762,Pekka keta#[foc]#[pA]#[hAn] ihailee ,1,,
763,Pekka Merjaa#[hAn] ihailee ,1,,
764,Pekka Merjaa#[kO] ihailee ,1,,
765,Pekka Merjaa#[pA] ihailee ,1,,
766,Pekka Merjaa#[kO]#[hAn] ihailee ,1,,
767,Pekka Merjaa#[pA]#[hAn] ihailee ,1,,
768,Pekka Merjaa#[foc]#[kO]#[hAn] ihailee ,1,,
769,Pekka Merjaa#[foc]#[pA]#[hAn] ihailee ,1,,
770,se mies joka#[hAn] lahti ,1,,
771,se mies joka#[pA] lahti ,1,,
772,se mies joka#[kO] lahti ,1,,
773,se mies joka#[foc] lahti ,1,,2345,1,2,12,7,9,2,0,2,0,2,3,12,7,0,0,11,1,1,18,3,4,18,4,586,42,7,37,31
774,se mies joka#[pA]#[hAn] lahti ,1,,
775,se mies joka#[kO]#[hAn] lahti ,1,,
776,se mies joka#[foc]#[pA]#[hAn] lahti ,1,,
777,se mies joka#[foc]#[pA]#[hAn] lahti ,1,,
778,kuka keta ihailee ,1,,
779,Pekka#[kO] keta ihailee ,1,,
780,kuka Merjaa#[kO] ihailee ,1,,
781,Pekka#[kO] Merjaa#[kO] ihailee ,1,,
782,Pekka#[hAn] Merjaa#[kO] ihailee ,1,,
783,Pekka#[pA] Merjaa#[kO] ihailee ,1,,
784,Pekka#[foc] Merjaa#[kO] ihailee ,1,,
785,Pekka#[kO] Merjaa#[hAn] ihailee ,1,,
786,Pekka#[hAn] Merjaa#[hAn] ihailee ,1,,
787,Pekka#[pA] Merjaa#[hAn] ihailee ,1,,
788,Pekka#[foc] Merjaa#[hAn] ihailee ,1,,
789,Pekka#[kO] Merjaa#[pA] ihailee ,1,,
790,Pekka#[hAn] Merjaa#[pA] ihailee ,1,,
791,Pekka#[pA] Merjaa#[pA] ihailee ,1,,
792,Pekka#[foc] Merjaa#[pA] ihailee ,1,,
793,Pekka#[kO] Merjaa#[foc] ihailee ,1,,
794,Pekka#[hAn] Merjaa#[foc] ihailee ,1,,
795,Pekka#[pA] Merjaa#[foc] ihailee ,1,,
796,Pekka#[foc] Merjaa#[foc] ihailee ,1,,
797,Pekka#[kO] Merjaa#[foc]#[hAn] ihailee ,1,,
798,Pekka#[hAn] Merjaa#[foc]#[hAn] ihailee ,1,,
799,Pekka#[pA] Merjaa#[foc]#[hAn] ihailee ,1,,
800,Pekka#[foc] Merjaa#[foc]#[hAn] ihailee ,1,,
801,Pekka#[kO] Merjaa#[foc]#[pA] ihailee ,1,,
802,Pekka#[hAn] Merjaa#[foc]#[pA] ihailee ,1,,
803,Pekka#[pA] Merjaa#[foc]#[pA] ihailee ,1,,
804,Pekka#[foc] Merjaa#[foc]#[pA] ihailee ,1,,
805,Pekka#[kO] Merjaa#[foc]#[kO] ihailee ,1,,
806,Pekka#[hAn] Merjaa#[foc]#[kO] ihailee ,1,,
807,Pekka#[pA] Merjaa#[foc]#[kO] ihailee ,1,,
808,Pekka#[foc] Merjaa#[foc]#[kO] ihailee ,1,,
809,Pekka#[kO] Merjaa#[foc]#[kO]#[hAn] ihailee ,1,,
810,Pekka#[hAn] Merjaa#[foc]#[kO]#[hAn] ihailee ,1,,
811,Pekka#[pA] Merjaa#[foc]#[kO]#[hAn] ihailee ,1,,
812,Pekka#[foc] Merjaa#[foc]#[kO]#[hAn] ihailee ,1,,
813,Pekka#[kO] Merjaa#[foc]#[pA]#[hAn] ihailee ,1,,
814,Pekka#[hAn] Merjaa#[foc]#[pA]#[hAn] ihailee ,1,,
815,Pekka#[pA] Merjaa#[foc]#[pA]#[hAn] ihailee ,1,,
816,Pekka#[foc] Merjaa#[foc]#[pA]#[hAn] ihailee ,1,,
817,Jukka kysyi etta kuka ihailee Merjaa ,1,,2650,0,0,13,12,34,10,0,5,5,13,17,24,13,0,0,20,23,4,37,17,5,33,5,441,77,7,62,109
818,Jukka kysyi etta kuka#[hAn] ihailee Merjaa ,1,,2765,0,0,13,12,34,10,0,5,5,13,17,24,13,0,0,21,23,4,37,17,5,34,6,460,77,7,62,125
819,Jukka kysyi etta kuka#[kO] ihailee Merjaa ,1,,2755,0,0,13,12,34,10,0,5,5,13,17,24,13,0,0,21,23,4,37,17,5,34,6,459,77,7,62,125
820,Jukka kysyi etta kuka#[pA] ihailee Merjaa ,1,,2755,0,0,13,12,34,10,0,5,5,13,17,24,13,0,0,21,23,4,37,17,5,34,6,459,77,7,62,125
821,Jukka kysyi etta kuka#[foc] ihailee Merjaa ,1,,2765,0,0,13,12,34,10,0,5,5,13,17,24,13,0,0,21,23,4,37,17,5,34,6,460,77,7,62,109
822,Jukka kysyi etta Pekka#[foc]#[kO] ihailee Merjaa ,1,,2875,0,0,13,12,34,10,0,5,5,13,17,24,13,0,0,21,23,4,37,17,5,34,6,479,77,7,62,125
823,Jukka kysyi etta Pekka#[foc]#[kO]#[hAn] ihailee Merjaa ,1,,2995,0,0,13,12,34,10,0,5,5,13,17,24,13,0,0,22,23,4,37,17,5,35,6,499,77,7,62,140
824,Jukka kysyi etta ihailee#[kO] Pekka Merjaa ,1,,3090,0,0,14,13,49,10,0,0,10,24,28,26,14,0,0,22,23,4,39,18,4,36,6,515,101,8,74,140
825,Jukka kysyi etta ihailee#[foc]#[kO] Pekka Merjaa ,1,,3290,0,0,14,13,49,10,0,0,10,24,28,26,14,0,0,24,23,4,39,18,4,38,6,548,101,8,74,171
826,Jukka kysyi etta Pekka ihailee Merjaa ,1,,
827,Jukka kysyi etta Pekka#[hAn] ihailee Merjaa ,1,,
828,Jukka kysyi etta Pekka#[pA]#[hAn] ihailee Merjaa ,1,,
829,Jukka kysyi etta Pekka#[foc]#[hAn] ihailee Merjaa ,1,,
830,Jukka kysyi etta Pekka#[foc]#[pA]#[hAn] ihailee Merjaa ,1,,
831,Jukka kysyi etta Pekka#[pA] ihailee Merjaa ,1,,
832,Jukka kysyi etta ihailee#[foc] Pekka Merjaa ,1,,
833,Jukka sanoi etta Pekka ihailee Merjaa ,1,,2630,0,0,19,11,27,11,0,0,11,14,17,31,12,0,0,19,21,3,45,15,6,31,5,438,128,10,150,125
834,Jukka sanoi etta Pekka#[hAn] ihailee Merjaa ,1,,2705,0,0,19,11,27,11,0,5,6,14,17,26,12,0,0,20,21,3,40,15,6,32,6,450,110,10,96,109
835,Jukka sanoi etta Pekka#[pA]#[hAn] ihailee Merjaa ,1,,2815,0,0,19,11,27,11,0,5,6,14,17,26,12,0,0,21,21,3,40,15,6,33,6,469,110,10,96,125
836,Jukka sanoi etta Pekka#[foc]#[hAn] ihailee Merjaa ,1,,2835,0,0,19,11,27,11,0,5,6,14,17,26,12,0,0,21,21,3,40,15,6,33,6,472,110,10,96,109
837,Jukka sanoi etta Pekka#[foc]#[pA]#[hAn] ihailee Merjaa ,1,,2945,0,0,19,11,27,11,0,5,6,14,17,26,12,0,0,22,21,3,40,15,6,34,6,490,110,10,96,125
838,Jukka sanoi etta Pekka#[pA] ihailee Merjaa ,1,,2695,0,0,19,11,27,11,0,5,6,14,17,26,12,0,0,20,21,3,40,15,6,32,6,449,110,10,96,109
839,Jukka sanoi etta ihailee#[foc] Pekka Merjaa ,1,,3060,0,0,21,12,42,11,0,0,11,25,28,28,13,0,0,22,21,3,42,16,5,35,6,510,153,12,120,156
840,Jukka sanoi etta kuka ihailee Merjaa ,1,,
841,Jukka sanoi etta Pekka#[kO] ihailee Merjaa ,1,,
842,Jukka sanoi etta Pekka#[kO]#[hAn] ihailee Merjaa ,1,,
843,Jukka sanoi etta ihailee#[kO] Pekka Merjaa ,1,,
